4 1
2 6
4 11
3 16
5 21
5 26
5 31
7 36
7 41
8 46
8 51
10 56
10 61
11 66
12 71
12 76
13 81
14 86
15 91
15 96
16 101
17 106
19 111
20 116
20 121
20 126
29 131
23 136
23 141
23 146
25 151
25 156
25 161
27 166
28 171
29 176
30 181
29 186
31 191
32 196
35 201
34 206
34 211
37 216
37 221
37 226
40 231
40 236
39 241
44 246
43 251
45 256
45 261
44 266
45 271
46 276
50 281
57 286
63 291
67 296
77 301
71 306
74 311
71 316
73 321
56 326
58 331
58 336
61 341
60 346
80 351
72 356
62 361
69 366
67 371
97 376
92 381
90 386
68 391
71 396
70 401
72 406
75 411
77 416
75 421
77 426
77 431
93 436
82 441
90 446
88 451
83 456
85 461
88 466
84 471
87 476
85 481
86 486
89 491
89 496
90 501
89 506
94 511
94 516
93 521
107 526
97 531
107 536
97 541
105 546
103 551
103 556
103 561
105 566
109 571
105 576
110 581
108 586
110 591
110 596
119 601
113 606
119 611
116 616
116 621
119 626
120 631
119 636
132 641
125 646
125 651
124 656
122 661
127 666
126 671
127 676
126 681
129 686
133 691
127 696
130 701
134 706
136 711
134 716
151 721
139 726
140 731
139 736
167 741
145 746
143 751
143 756
144 761
151 766
146 771
153 776
148 781
149 786
151 791
163 796
156 801
156 806
157 811
155 816
160 821
163 826
160 831
163 836
168 841
161 846
168 851
166 856
164 861
166 866
169 871
179 876
174 881
177 886
175 891
176 896
195 901
180 906
185 911
183 916
179 921
180 926
183 931
188 936
187 941
185 946
186 951
188 956
191 961
205 966
163 971
162 976
169 981
162 986
162 991
166 996
167 1001
161 1006
162 1011
170 1016
177 1021
172 1026
169 1031
175 1036
171 1041
180 1046
173 1051
178 1056
173 1061
173 1066
177 1071
180 1076
197 1081
174 1086
183 1091
179 1096
186 1101
190 1106
183 1111
188 1116
185 1121
189 1126
187 1131
191 1136
194 1141
185 1146
190 1151
190 1156
191 1161
194 1166
196 1171
203 1176
199 1181
202 1186
204 1191
195 1196
202 1201
212 1206
200 1211
205 1216
208 1221
207 1226
215 1231
215 1236
203 1241
207 1246
211 1251
213 1256
216 1261
217 1266
222 1271
223 1276
219 1281
224 1286
223 1291
226 1296
219 1301
219 1306
232 1311
230 1316
224 1321
226 1326
225 1331
222 1336
232 1341
228 1346
226 1351
227 1356
237 1361
238 1366
235 1371
232 1376
237 1381
244 1386
242 1391
245 1396
242 1401
242 1406
246 1411
247 1416
241 1421
244 1426
248 1431
257 1436
256 1441
253 1446
246 1451
251 1456
262 1461
258 1466
254 1471
275 1476
270 1481
261 1486
257 1491
257 1496
260 1501
255 1506
266 1511
257 1516
281 1521
288 1526
270 1531
268 1536
266 1541
274 1546
263 1551
272 1556
277 1561
273 1566
276 1571
279 1576
277 1581
284 1586
276 1591
278 1596
281 1601
293 1606
285 1611
282 1616
284 1621
287 1626
285 1631
286 1636
289 1641
287 1646
292 1651
292 1656
296 1661
304 1666
292 1671
304 1676
296 1681
292 1686
297 1691
304 1696
294 1701
300 1706
304 1711
312 1716
301 1721
306 1726
303 1731
301 1736
316 1741
318 1746
323 1751
318 1756
302 1761
319 1766
322 1771
318 1776
311 1781
318 1786
318 1791
320 1796
324 1801
331 1806
324 1811
323 1816
346 1821
331 1826
319 1831
326 1836
328 1841
326 1846
335 1851
362 1856
336 1861
333 1866
327 1871
331 1876
366 1881
332 1886
338 1891
336 1896
345 1901
346 1906
341 1911
345 1916
350 1921
344 1926
341 1931
353 1936
356 1941
354 1946
354 1951
351 1956
371 1961
353 1966
390 1971
359 1976
367 1981
367 1986
363 1991
374 1996
363 2001
369 2006
366 2011
371 2016
364 2021
386 2026
382 2031
367 2036
371 2041
383 2046
371 2051
403 2056
369 2061
377 2066
383 2071
374 2076
380 2081
379 2086
389 2091
400 2096
387 2101
378 2106
375 2111
376 2116
385 2121
407 2126
413 2131
398 2136
421 2141
395 2146
397 2151
394 2156
387 2161
390 2166
404 2171
432 2176
389 2181
395 2186
409 2191
410 2196
405 2201
410 2206
410 2211
408 2216
406 2221
404 2226
406 2231
407 2236
437 2241
426 2246
407 2251
411 2256
429 2261
413 2266
430 2271
418 2276
420 2281
426 2286
420 2291
416 2296
452 2301
425 2306
420 2311
430 2316
420 2321
447 2326
438 2331
431 2336
435 2341
437 2346
438 2351
426 2356
434 2361
443 2366
460 2371
431 2376
453 2381
441 2386
437 2391
452 2396
447 2401
446 2406
462 2411
448 2416
438 2421
454 2426
450 2431
445 2436
462 2441
455 2446
455 2451
490 2456
469 2461
504 2466
469 2471
462 2476
480 2481
466 2486
469 2491
454 2496
473 2501
465 2506
466 2511
468 2516
484 2521
486 2526
472 2531
485 2536
481 2541
476 2546
475 2551
499 2556
480 2561
483 2566
483 2571
495 2576
478 2581
483 2586
483 2591
539 2596
469 2601
475 2606
485 2611
498 2616
517 2621
491 2626
491 2631
499 2636
488 2641
495 2646
498 2651
488 2656
496 2661
504 2666
502 2671
522 2676
525 2681
511 2686
497 2691
516 2696
516 2701
522 2706
514 2711
547 2716
519 2721
519 2726
514 2731
544 2736
516 2741
520 2746
538 2751
519 2756
541 2761
526 2766
578 2771
516 2776
530 2781
535 2786
568 2791
533 2796
566 2801
527 2806
519 2811
535 2816
519 2821
529 2826
529 2831
549 2836
545 2841
568 2846
534 2851
541 2856
543 2861
538 2866
543 2871
539 2876
550 2881
575 2886
550 2891
544 2896
574 2901
560 2906
560 2911
542 2916
541 2921
546 2926
546 2931
557 2936
567 2941
572 2946
557 2951
578 2956
577 2961
566 2966
582 2971
611 2976
577 2981
574 2986
560 2991
583 2996
593 3001
563 3006
579 3011
602 3016
587 3021
590 3026
610 3031
570 3036
577 3041
583 3046
583 3051
585 3056
598 3061
623 3066
598 3071
590 3076
586 3081
574 3086
605 3091
625 3096
651 3101
597 3106
589 3111
600 3116
600 3121
612 3126
615 3131
602 3136
599 3141
612 3146
615 3151
606 3156
630 3161
637 3166
611 3171
611 3176
609 3181
634 3186
621 3191
620 3196
610 3201
649 3206
634 3211
632 3216
623 3221
759 3226
635 3231
612 3236
639 3241
675 3246
839 3251
857 3256
856 3261
935 3266
929 3271
894 3276
752 3281
711 3286
656 3291
716 3296
772 3301
690 3306
712 3311
697 3316
708 3321
666 3326
639 3331
642 3336
640 3341
660 3346
647 3351
654 3356
671 3361
653 3366
654 3371
658 3376
671 3381
638 3386
665 3391
681 3396
737 3401
668 3406
671 3411
679 3416
726 3421
674 3426
662 3431
663 3436
680 3441
675 3446
658 3451
665 3456
675 3461
666 3466
674 3471
672 3476
661 3481
660 3486
675 3491
679 3496
745 3501
746 3506
687 3511
689 3516
697 3521
681 3526
677 3531
671 3536
692 3541
674 3546
695 3551
691 3556
685 3561
709 3566
718 3571
697 3576
714 3581
705 3586
698 3591
801 3596
909 3601
926 3606
929 3611
931 3616
892 3621
693 3626
715 3631
722 3636
718 3641
715 3646
745 3651
734 3656
735 3661
711 3666
720 3671
755 3676
807 3681
736 3686
768 3691
708 3696
721 3701
724 3706
754 3711
737 3716
715 3721
731 3726
735 3731
782 3736
741 3741
725 3746
739 3751
730 3756
746 3761
761 3766
743 3771
773 3776
760 3781
734 3786
743 3791
755 3796
734 3801
733 3806
739 3811
744 3816
756 3821
755 3826
770 3831
749 3836
759 3841
747 3846
772 3851
747 3856
755 3861
743 3866
798 3871
767 3876
757 3881
773 3886
762 3891
778 3896
821 3901
776 3906
758 3911
785 3916
789 3921
952 3926
775 3931
782 3936
759 3941
788 3946
800 3951
824 3956
786 3961
764 3966
792 3971
793 3976
801 3981
822 3986
799 3991
804 3996
784 4001
799 4006
783 4011
819 4016
777 4021
813 4026
795 4031
800 4036
797 4041
829 4046
799 4051
806 4056
813 4061
799 4066
818 4071
827 4076
799 4081
848 4086
814 4091
839 4096
825 4101
839 4106
825 4111
828 4116
816 4121
834 4126
852 4131
831 4136
822 4141
825 4146
827 4151
867 4156
836 4161
849 4166
842 4171
834 4176
846 4181
819 4186
888 4191
853 4196
839 4201
823 4206
872 4211
841 4216
823 4221
842 4226
841 4231
839 4236
862 4241
847 4246
852 4251
850 4256
848 4261
851 4266
845 4271
872 4276
841 4281
886 4286
855 4291
856 4296
851 4301
866 4306
857 4311
867 4316
873 4321
892 4326
866 4331
860 4336
928 4341
847 4346
858 4351
876 4356
851 4361
900 4366
910 4371
884 4376
894 4381
917 4386
906 4391
863 4396
930 4401
860 4406
871 4411
883 4416
902 4421
902 4426
890 4431
871 4436
915 4441
915 4446
932 4451
881 4456
887 4461
936 4466
899 4471
880 4476
900 4481
912 4486
893 4491
888 4496
1086 4501
1257 4506
1264 4511
1355 4516
1299 4521
1299 4526
1286 4531
1284 4536
1263 4541
1278 4546
1313 4551
1297 4556
1244 4561
1314 4566
1285 4571
1341 4576
1264 4581
1286 4586
1395 4591
1335 4596
1284 4601
951 4606
956 4611
921 4616
940 4621
935 4626
937 4631
982 4636
912 4641
939 4646
963 4651
933 4656
967 4661
984 4666
975 4671
955 4676
936 4681
951 4686
939 4691
954 4696
957 4701
1009 4706
949 4711
941 4716
987 4721
959 4726
946 4731
977 4736
1014 4741
946 4746
965 4751
956 4756
974 4761
953 4766
976 4771
1014 4776
1017 4781
988 4786
985 4791
956 4796
992 4801
1004 4806
971 4811
963 4816
995 4821
970 4826
1007 4831
975 4836
978 4841
1048 4846
993 4851
993 4856
1006 4861
1036 4866
997 4871
977 4876
1011 4881
995 4886
975 4891
974 4896
997 4901
989 4906
980 4911
1055 4916
992 4921
1026 4926
996 4931
982 4936
1001 4941
1018 4946
1055 4951
997 4956
1035 4961
1021 4966
1008 4971
1014 4976
1028 4981
1020 4986
1036 4991
1000 4996
1016 5001
1030 5006
1017 5011
1052 5016
1040 5021
1076 5026
1006 5031
1065 5036
1033 5041
1053 5046
1065 5051
1016 5056
1069 5061
1013 5066
1032 5071
1023 5076
1089 5081
1029 5086
1063 5091
1078 5096
1035 5101
1020 5106
1058 5111
1082 5116
1029 5121
1099 5126
1045 5131
1054 5136
1082 5141
1061 5146
1035 5151
1063 5156
1054 5161
1056 5166
1038 5171
1120 5176
1180 5181
1086 5186
1049 5191
1056 5196
1064 5201
1052 5206
1080 5211
1036 5216
1080 5221
1101 5226
1057 5231
1057 5236
1086 5241
1124 5246
1070 5251
1114 5256
1075 5261
1089 5266
1085 5271
1182 5276
1071 5281
1089 5286
1075 5291
1071 5296
1100 5301
1115 5306
1183 5311
1101 5316
1118 5321
1069 5326
1074 5331
1086 5336
1175 5341
1088 5346
1105 5351
1106 5356
1086 5361
1126 5366
1177 5371
1137 5376
1115 5381
1172 5386
1116 5391
1135 5396
1112 5401
1108 5406
1155 5411
1098 5416
1097 5421
1111 5426
1140 5431
1144 5436
1153 5441
1154 5446
1112 5451
1117 5456
1155 5461
1130 5466
1123 5471
1085 5476
1116 5481
1121 5486
1130 5491
1182 5496
1149 5501
1163 5506
1153 5511
1177 5516
1134 5521
1128 5526
1177 5531
1149 5536
1143 5541
1115 5546
1204 5551
1197 5556
1126 5561
1170 5566
1150 5571
1130 5576
1145 5581
1154 5586
1193 5591
1141 5596
1171 5601
1171 5606
1167 5611
1222 5616
1201 5621
1206 5626
1186 5631
1156 5636
1189 5641
1173 5646
1176 5651
1174 5656
1160 5661
1165 5666
1188 5671
1192 5676
1207 5681
1170 5686
1174 5691
1156 5696
1169 5701
1186 5706
1213 5711
1162 5716
1204 5721
1178 5726
1226 5731
1192 5736
1205 5741
1181 5746
1197 5751
1180 5756
1190 5761
1209 5766
1230 5771
1278 5776
1229 5781
1226 5786
1220 5791
1269 5796
1232 5801
1200 5806
1251 5811
1255 5816
1251 5821
1252 5826
1228 5831
1222 5836
1222 5841
1287 5846
1266 5851
1227 5856
1213 5861
1192 5866
1208 5871
1264 5876
1210 5881
1215 5886
1197 5891
1210 5896
1259 5901
1208 5906
1216 5911
1246 5916
1219 5921
1233 5926
1230 5931
1238 5936
1277 5941
1234 5946
1232 5951
1262 5956
1276 5961
1234 5966
1254 5971
1252 5976
1272 5981
1318 5986
1241 5991
1228 5996
1238 6001
1241 6006
1236 6011
1294 6016
1253 6021
1282 6026
1272 6031
1235 6036
1260 6041
1264 6046
1244 6051
1266 6056
1301 6061
1315 6066
1320 6071
1271 6076
1282 6081
1287 6086
1266 6091
1289 6096
1297 6101
1257 6106
1255 6111
1284 6116
1312 6121
1321 6126
1260 6131
1267 6136
1293 6141
1383 6146
1269 6151
1286 6156
1290 6161
1305 6166
1299 6171
1335 6176
1261 6181
1309 6186
1292 6191
1296 6196
1303 6201
1347 6206
1282 6211
1301 6216
1300 6221
1304 6226
1372 6231
1306 6236
1305 6241
1320 6246
1290 6251
1295 6256
1285 6261
1322 6266
1304 6271
1366 6276
1389 6281
1359 6286
1345 6291
1320 6296
1308 6301
1364 6306
1347 6311
1345 6316
1321 6321
1318 6326
1310 6331
1386 6336
1308 6341
1332 6346
1377 6351
1373 6356
1361 6361
1304 6366
1329 6371
1330 6376
1314 6381
1399 6386
1325 6391
1376 6396
1330 6401
1317 6406
1342 6411
1389 6416
1358 6421
1331 6426
1325 6431
1337 6436
1374 6441
1336 6446
1316 6451
1395 6456
1378 6461
1349 6466
1347 6471
1354 6476
1343 6481
1357 6486
1364 6491
1345 6496
1359 6501
1361 6506
1374 6511
1403 6516
1354 6521
1416 6526
1398 6531
1436 6536
1401 6541
1371 6546
1418 6551
1414 6556
1383 6561
1408 6566
1404 6571
1379 6576
1413 6581
1400 6586
1410 6591
1421 6596
1450 6601
1395 6606
1537 6611
1392 6616
1436 6621
1399 6626
1376 6631
1395 6636
1368 6641
1382 6646
1468 6651
1403 6656
1390 6661
1375 6666
1381 6671
1382 6676
1409 6681
1428 6686
1432 6691
1437 6696
1381 6701
1390 6706
1480 6711
1390 6716
1413 6721
1459 6726
1416 6731
1451 6736
1444 6741
1441 6746
1411 6751
1414 6756
1460 6761
1422 6766
1419 6771
1421 6776
1445 6781
1466 6786
1444 6791
1436 6796
1449 6801
1428 6806
1440 6811
1439 6816
1436 6821
1523 6826
1519 6831
1443 6836
1463 6841
1452 6846
1447 6851
1483 6856
1450 6861
1440 6866
1474 6871
1413 6876
1487 6881
1464 6886
1470 6891
1450 6896
1456 6901
1459 6906
1452 6911
1457 6916
1496 6921
1480 6926
1514 6931
1481 6936
1455 6941
1455 6946
1450 6951
1431 6956
1481 6961
1484 6966
1512 6971
1530 6976
1526 6981
1491 6986
1463 6991
1516 6996
1480 7001
1534 7006
1495 7011
1487 7016
1538 7021
1505 7026
1495 7031
1531 7036
1493 7041
1528 7046
1469 7051
1555 7056
1496 7061
1530 7066
1491 7071
1512 7076
1518 7081
1499 7086
1494 7091
1595 7096
1496 7101
1507 7106
1580 7111
1535 7116
1501 7121
1483 7126
1519 7131
1499 7136
1496 7141
1512 7146
1481 7151
1516 7156
1544 7161
1518 7166
1514 7171
1496 7176
1526 7181
1557 7186
1494 7191
1536 7196
1544 7201
1563 7206
1545 7211
1577 7216
1523 7221
1572 7226
1590 7231
1515 7236
1537 7241
1546 7246
1576 7251
1558 7256
1519 7261
1591 7266
1579 7271
1572 7276
1566 7281
1537 7286
1531 7291
1599 7296
1544 7301
1624 7306
1554 7311
1586 7316
1629 7321
1574 7326
1556 7331
1562 7336
1723 7341
1593 7346
1582 7351
1576 7356
1575 7361
1553 7366
1549 7371
1543 7376
1658 7381
1635 7386
1559 7391
1547 7396
1615 7401
1620 7406
1588 7411
1598 7416
1571 7421
1602 7426
1628 7431
1599 7436
1563 7441
1646 7446
1654 7451
1595 7456
1620 7461
1590 7466
1655 7471
1623 7476
1608 7481
1587 7486
1601 7491
1584 7496
1620 7501
1578 7506
1654 7511
1621 7516
1619 7521
1613 7526
1622 7531
1641 7536
1607 7541
1596 7546
1619 7551
1638 7556
1687 7561
1588 7566
1607 7571
1694 7576
1610 7581
1601 7586
1638 7591
1610 7596
1661 7601
1633 7606
1676 7611
1645 7616
1629 7621
1621 7626
1632 7631
1636 7636
1680 7641
1757 7646
1632 7651
1626 7656
1720 7661
1622 7666
1687 7671
1672 7676
1597 7681
1695 7686
1620 7691
1668 7696
1665 7701
1674 7706
1698 7711
1674 7716
1704 7721
1691 7726
1660 7731
1662 7736
1629 7741
1654 7746
1670 7751
1677 7756
1636 7761
1708 7766
1711 7771
1676 7776
1716 7781
1659 7786
1681 7791
1693 7796
1717 7801
1674 7806
1729 7811
1680 7816
1670 7821
1653 7826
1700 7831
1645 7836
1669 7841
1660 7846
1664 7851
1776 7856
1696 7861
1695 7866
1658 7871
1730 7876
1685 7881
1696 7886
1712 7891
1801 7896
1738 7901
1680 7906
1766 7911
1676 7916
1675 7921
1695 7926
1680 7931
1732 7936
1686 7941
1694 7946
1696 7951
1756 7956
1723 7961
1717 7966
1690 7971
1835 7976
1687 7981
1696 7986
1727 7991
1732 7996
1757 8001
1711 8006
1708 8011
1795 8016
1720 8021
1714 8026
1686 8031
1715 8036
1721 8041
1733 8046
1827 8051
1767 8056
1713 8061
1722 8066
1753 8071
1785 8076
1784 8081
1771 8086
1755 8091
1740 8096
1729 8101
1780 8106
1760 8111
1774 8116
1772 8121
1764 8126
1759 8131
1783 8136
1757 8141
1820 8146
1847 8151
1775 8156
1814 8161
1837 8166
1798 8171
1811 8176
1775 8181
1759 8186
1802 8191
1753 8196
1816 8201
1789 8206
1744 8211
1865 8216
1753 8221
1784 8226
1753 8231
1773 8236
1786 8241
1772 8246
1827 8251
1765 8256
1840 8261
1773 8266
1803 8271
1764 8276
1812 8281
1770 8286
1788 8291
1793 8296
1812 8301
1746 8306
1837 8311
1791 8316
1806 8321
1787 8326
1843 8331
1764 8336
1822 8341
1798 8346
1817 8351
1863 8356
1835 8361
1815 8366
1866 8371
1804 8376
1808 8381
1845 8386
1792 8391
1877 8396
1801 8401
1827 8406
1843 8411
1839 8416
1878 8421
1839 8426
1824 8431
1840 8436
1867 8441
1866 8446
1814 8451
1813 8456
1842 8461
1819 8466
1845 8471
1892 8476
1902 8481
1861 8486
1884 8491
1811 8496
1818 8501
1877 8506
2036 8511
1875 8516
1869 8521
1858 8526
1831 8531
1830 8536
1864 8541
1882 8546
1882 8551
1864 8556
1897 8561
1842 8566
1984 8571
1903 8576
1856 8581
1928 8586
1858 8591
1895 8596
1896 8601
1820 8606
1845 8611
1916 8616
1902 8621
1911 8626
1868 8631
1840 8636
1915 8641
1867 8646
1929 8651
1919 8656
1956 8661
1920 8666
1929 8671
1844 8676
1881 8681
1881 8686
1909 8691
1873 8696
1868 8701
1934 8706
1892 8711
1851 8716
1942 8721
1936 8726
1938 8731
1890 8736
1930 8741
1943 8746
1892 8751
1914 8756
1984 8761
1893 8766
1969 8771
1931 8776
1941 8781
1924 8786
1950 8791
1901 8796
1914 8801
1909 8806
1916 8811
2050 8816
1900 8821
1896 8826
1913 8831
1906 8836
1993 8841
1930 8846
1989 8851
1965 8856
1906 8861
1945 8866
1966 8871
1925 8876
1944 8881
2074 8886
1970 8891
1915 8896
1925 8901
1921 8906
1943 8911
1911 8916
1949 8921
2063 8926
1984 8931
1952 8936
1967 8941
1964 8946
1945 8951
1959 8956
1959 8961
1949 8966
1953 8971
1971 8976
2025 8981
1978 8986
1935 8991
1988 8996
1957 9001
1938 9006
1947 9011
1975 9016
1992 9021
1974 9026
1998 9031
2030 9036
1943 9041
1968 9046
1965 9051
2012 9056
1963 9061
1987 9066
2012 9071
1944 9076
2008 9081
1972 9086
1950 9091
2003 9096
1990 9101
1974 9106
1969 9111
2023 9116
1981 9121
1980 9126
1975 9131
2058 9136
1945 9141
1985 9146
2120 9151
1978 9156
2004 9161
1994 9166
1994 9171
2016 9176
2033 9181
2008 9186
2052 9191
2021 9196
2084 9201
2071 9206
2129 9211
2071 9216
2053 9221
2014 9226
2087 9231
2039 9236
2131 9241
2079 9246
2014 9251
2019 9256
2010 9261
2046 9266
2012 9271
2034 9276
2048 9281
2017 9286
2055 9291
2039 9296
2022 9301
2017 9306
2073 9311
2019 9316
2029 9321
2125 9326
1995 9331
2000 9336
2037 9341
2081 9346
2049 9351
2027 9356
2051 9361
2030 9366
2039 9371
2046 9376
2098 9381
2049 9386
2084 9391
2094 9396
2061 9401
2084 9406
2040 9411
2062 9416
2086 9421
2184 9426
2090 9431
2294 9436
2298 9441
2100 9446
2115 9451
2035 9456
2077 9461
2061 9466
2065 9471
2040 9476
2129 9481
2067 9486
2088 9491
2121 9496
2098 9501
2072 9506
2126 9511
2061 9516
2050 9521
2135 9526
2043 9531
2059 9536
2125 9541
2150 9546
2123 9551
2155 9556
2083 9561
2063 9566
2093 9571
2057 9576
2107 9581
2054 9586
2183 9591
2198 9596
2108 9601
2115 9606
2154 9611
2382 9616
2102 9621
2165 9626
2080 9631
2112 9636
2102 9641
2149 9646
2104 9651
2141 9656
2136 9661
2135 9666
2215 9671
2091 9676
2098 9681
2104 9686
2166 9691
2146 9696
2088 9701
2123 9706
2255 9711
2139 9716
2177 9721
2116 9726
2153 9731
2199 9736
2319 9741
2249 9746
2165 9751
2123 9756
2116 9761
2122 9766
2143 9771
2191 9776
2176 9781
2167 9786
2191 9791
2190 9796
2157 9801
2107 9806
2138 9811
2154 9816
2143 9821
2133 9826
2200 9831
2200 9836
2192 9841
2168 9846
2227 9851
2144 9856
2260 9861
2159 9866
2133 9871
2287 9876
2199 9881
2254 9886
2182 9891
2264 9896
2170 9901
2155 9906
2141 9911
2204 9916
2215 9921
2157 9926
2163 9931
2219 9936
2192 9941
2160 9946
2201 9951
2270 9956
2165 9961
2196 9966
2199 9971
2185 9976
2254 9981
2203 9986
2216 9991
2173 9996
