1 1
0 6
0 11
1 16
1 21
2 26
3 31
3 36
3 41
4 46
3 51
5 56
6 61
5 66
7 71
8 76
9 81
9 86
11 91
12 96
14 101
15 106
15 111
17 116
20 121
19 126
22 131
24 136
27 141
20 146
20 151
25 156
24 161
24 166
28 171
29 176
30 181
31 186
34 191
35 196
36 201
39 206
38 211
42 216
43 221
49 226
50 231
52 236
56 241
57 246
58 251
58 256
63 261
62 266
66 271
68 276
71 281
71 286
76 291
87 296
87 301
96 306
96 311
108 316
83 321
86 326
101 331
112 336
111 341
116 346
120 351
125 356
129 361
131 366
133 371
128 376
153 381
171 386
170 391
174 396
140 401
144 406
154 411
147 416
152 421
158 426
165 431
168 436
185 441
191 446
204 451
204 456
221 461
207 466
214 471
222 476
227 481
225 486
249 491
243 496
252 501
275 506
303 511
259 516
258 521
268 526
271 531
305 536
332 541
288 546
302 551
305 556
302 561
325 566
320 571
316 576
308 581
346 586
342 591
347 596
381 601
343 606
333 611
361 616
390 621
370 626
375 631
383 636
396 641
416 646
418 651
432 656
421 661
437 666
473 671
469 676
408 681
432 686
454 691
464 696
473 701
527 706
469 711
450 716
470 721
496 726
532 731
586 736
469 741
492 746
493 751
530 756
559 761
564 766
643 771
562 776
535 781
607 786
586 791
663 796
584 801
574 806
635 811
635 816
646 821
659 826
690 831
697 836
709 841
723 846
655 851
637 856
715 861
727 866
783 871
730 876
811 881
745 886
791 891
776 896
790 901
784 906
797 911
806 916
830 921
789 926
846 931
719 936
800 941
875 946
902 951
835 956
844 961
897 966
959 971
820 976
860 981
959 986
914 991
952 996
958 1001
1006 1006
910 1011
1007 1016
999 1021
1042 1026
1042 1031
1034 1036
916 1041
1050 1046
1091 1051
973 1056
976 1061
981 1066
946 1071
997 1076
1103 1081
1154 1086
1034 1091
1129 1096
1179 1101
1169 1106
1203 1111
1286 1116
1355 1121
1336 1126
1215 1131
1378 1136
1383 1141
1328 1146
1466 1151
1313 1156
1414 1161
1318 1166
1442 1171
1457 1176
1484 1181
1462 1186
1504 1191
1483 1196
1535 1201
1552 1206
1470 1211
1496 1216
1504 1221
1554 1226
1525 1231
1667 1236
1420 1241
1489 1246
1666 1251
1546 1256
1597 1261
1557 1266
1625 1271
1630 1276
1738 1281
1588 1286
1756 1291
1741 1296
1732 1301
1601 1306
1520 1311
1661 1316
1772 1321
1788 1326
1684 1331
1883 1336
1827 1341
1867 1346
1756 1351
1635 1356
1516 1361
1703 1366
1602 1371
1767 1376
1626 1381
1781 1386
1753 1391
1719 1396
1800 1401
1819 1406
1803 1411
1793 1416
1820 1421
3175 1426
3161 1431
3102 1436
3411 1441
3335 1446
3260 1451
3397 1456
3463 1461
3419 1466
3502 1471
3189 1476
3386 1481
3506 1486
3597 1491
3592 1496
3618 1501
3380 1506
3552 1511
3805 1516
3703 1521
3769 1526
3702 1531
3885 1536
3799 1541
3727 1546
3820 1551
3763 1556
3835 1561
2136 1566
2164 1571
2188 1576
1977 1581
2229 1586
2155 1591
2019 1596
2183 1601
2294 1606
2310 1611
2222 1616
2077 1621
2062 1626
2303 1631
2328 1636
2325 1641
2262 1646
2382 1651
2424 1656
2257 1661
2506 1666
2269 1671
2395 1676
2477 1681
2494 1686
2466 1691
2442 1696
2477 1701
2495 1706
2633 1711
2610 1716
2495 1721
2590 1726
2683 1731
2508 1736
2617 1741
2692 1746
2585 1751
2716 1756
2569 1761
2673 1766
2711 1771
2689 1776
2826 1781
2699 1786
2861 1791
2837 1796
2894 1801
2908 1806
2860 1811
2812 1816
2878 1821
2876 1826
2965 1831
2886 1836
2872 1841
2835 1846
3081 1851
3122 1856
3098 1861
3066 1866
3005 1871
3102 1876
2973 1881
3133 1886
3127 1891
3133 1896
3083 1901
3174 1906
3141 1911
3192 1916
3263 1921
3212 1926
3261 1931
3315 1936
3345 1941
3084 1946
3333 1951
3230 1956
3427 1961
3441 1966
3455 1971
3285 1976
3434 1981
3328 1986
3257 1991
3456 1996
3506 2001
3308 2006
3582 2011
3438 2016
3544 2021
3658 2026
3614 2031
3475 2036
3638 2041
3700 2046
3617 2051
3618 2056
3663 2061
3723 2066
3760 2071
3553 2076
3645 2081
3657 2086
3756 2091
3852 2096
3835 2101
3861 2106
3481 2111
3702 2116
3940 2121
3860 2126
3723 2131
3912 2136
4081 2141
3810 2146
3828 2151
4014 2156
4088 2161
4014 2166
3988 2171
3629 2176
3899 2181
4056 2186
4103 2191
3892 2196
4216 2201
4167 2206
4066 2211
4104 2216
4047 2221
5112 2226
4896 2231
4996 2236
4937 2241
6860 2246
4295 2251
4243 2256
4360 2261
4485 2266
4328 2271
4498 2276
4458 2281
4536 2286
4564 2291
4607 2296
4410 2301
4657 2306
4670 2311
4539 2316
4765 2321
4604 2326
4777 2331
4570 2336
4672 2341
4934 2346
4957 2351
4693 2356
4754 2361
4964 2366
5051 2371
4757 2376
4893 2381
4890 2386
4779 2391
4939 2396
5073 2401
4983 2406
4844 2411
4689 2416
5163 2421
5071 2426
5128 2431
5207 2436
5221 2441
5137 2446
5283 2451
5169 2456
5219 2461
5243 2466
5466 2471
5240 2476
5351 2481
5451 2486
5257 2491
5366 2496
5464 2501
5523 2506
5572 2511
5485 2516
5702 2521
5362 2526
5480 2531
5584 2536
5486 2541
5539 2546
5652 2551
5695 2556
5655 2561
5471 2566
5580 2571
5841 2576
5682 2581
5863 2586
5546 2591
6025 2596
5869 2601
5918 2606
5676 2611
5815 2616
5976 2621
5931 2626
6091 2631
5988 2636
6036 2641
6277 2646
5953 2651
5922 2656
5760 2661
6158 2666
6011 2671
6702 2676
7001 2681
6761 2686
7160 2691
7127 2696
7310 2701
6882 2706
7139 2711
7076 2716
6997 2721
7257 2726
7259 2731
7155 2736
7385 2741
7466 2746
7502 2751
7194 2756
7499 2761
7632 2766
7292 2771
7631 2776
7600 2781
7107 2786
7666 2791
7516 2796
7564 2801
7430 2806
7872 2811
7683 2816
7458 2821
7706 2826
7856 2831
7850 2836
7861 2841
7934 2846
7717 2851
7823 2856
8031 2861
7962 2866
8238 2871
8057 2876
8148 2881
7973 2886
8360 2891
7960 2896
8155 2901
7993 2906
8186 2911
8207 2916
8221 2921
8588 2926
8693 2931
8278 2936
8504 2941
8542 2946
8317 2951
8469 2956
8448 2961
8402 2966
8654 2971
8482 2976
8326 2981
8630 2986
8612 2991
8323 2996
8840 3001
8440 3006
8973 3011
8746 3016
8951 3021
8767 3026
8788 3031
8520 3036
9041 3041
9042 3046
8986 3051
9073 3056
9298 3061
9000 3066
9202 3071
8831 3076
9236 3081
8979 3086
9136 3091
9431 3096
9546 3101
9314 3106
9668 3111
9241 3116
9469 3121
9453 3126
9890 3131
9700 3136
9672 3141
9602 3146
9820 3151
9510 3156
9619 3161
9569 3166
9931 3171
9770 3176
9330 3181
10271 3186
9672 3191
10213 3196
9495 3201
9873 3206
10140 3211
9977 3216
9986 3221
10023 3226
9981 3231
9909 3236
10010 3241
10219 3246
10264 3251
10271 3256
10188 3261
10526 3266
9943 3271
10432 3276
10367 3281
10676 3286
10555 3291
10455 3296
10424 3301
10579 3306
10792 3311
10884 3316
10602 3321
10586 3326
10515 3331
10820 3336
10566 3341
11079 3346
10868 3351
11071 3356
10986 3361
10676 3366
11180 3371
10597 3376
11265 3381
11213 3386
11095 3391
11025 3396
11047 3401
10977 3406
11453 3411
11378 3416
11292 3421
11222 3426
11126 3431
11526 3436
11292 3441
11676 3446
11528 3451
11626 3456
11180 3461
11805 3466
11600 3471
11965 3476
11783 3481
11828 3486
11870 3491
12039 3496
11789 3501
12052 3506
12162 3511
11736 3516
12091 3521
11855 3526
11851 3531
12169 3536
12385 3541
12014 3546
12197 3551
12410 3556
12129 3561
12255 3566
12534 3571
12355 3576
12278 3581
12854 3586
12253 3591
12637 3596
12370 3601
12539 3606
12386 3611
12936 3616
12955 3621
12720 3626
13007 3631
12927 3636
12552 3641
13226 3646
12755 3651
13128 3656
12921 3661
12847 3666
12903 3671
13000 3676
13087 3681
13349 3686
13876 3691
13428 3696
13061 3701
13165 3706
13560 3711
13303 3716
13520 3721
13326 3726
12756 3731
13244 3736
13188 3741
13661 3746
13638 3751
13752 3756
13810 3761
13807 3766
13821 3771
13822 3776
13659 3781
13580 3786
13683 3791
14001 3796
13665 3801
14424 3806
13947 3811
14263 3816
14108 3821
14595 3826
14344 3831
14630 3836
14087 3841
14318 3846
14378 3851
14148 3856
14461 3861
14235 3866
14567 3871
14781 3876
14169 3881
15244 3886
14812 3891
14454 3896
14761 3901
15030 3906
14232 3911
14999 3916
14949 3921
14589 3926
14653 3931
14875 3936
15039 3941
15893 3946
14742 3951
15320 3956
15155 3961
15771 3966
15260 3971
15139 3976
22524 3981
25445 3986
25713 3991
25778 3996
25250 4001
25197 4006
25743 4011
25708 4016
26641 4021
25181 4026
25764 4031
25724 4036
26185 4041
25432 4046
25825 4051
26770 4056
25641 4061
26323 4066
26757 4071
22719 4076
16937 4081
16601 4086
16534 4091
17269 4096
17246 4101
16818 4106
16749 4111
16931 4116
16993 4121
17179 4126
17043 4131
17147 4136
17473 4141
17297 4146
17499 4151
17316 4156
17131 4161
17611 4166
25814 4171
27715 4176
27871 4181
27782 4186
28148 4191
27760 4196
28297 4201
27435 4206
28768 4211
28395 4216
28725 4221
28567 4226
28432 4231
28698 4236
29138 4241
29276 4246
29201 4251
18514 4256
25365 4261
29204 4266
27281 4271
18215 4276
18266 4281
18803 4286
18218 4291
19161 4296
18467 4301
18353 4306
18898 4311
18878 4316
18666 4321
18712 4326
19063 4331
19342 4336
19013 4341
17562 4346
17911 4351
17989 4356
18155 4361
18099 4366
18598 4371
18596 4376
18963 4381
18560 4386
18693 4391
18654 4396
18536 4401
19017 4406
18771 4411
18919 4416
18884 4421
19362 4426
18941 4431
19464 4436
19205 4441
19150 4446
19461 4451
19449 4456
19285 4461
19278 4466
19487 4471
19547 4476
19595 4481
19672 4486
19521 4491
19400 4496
19876 4501
19873 4506
19475 4511
19733 4516
19719 4521
19763 4526
20543 4531
19754 4536
19908 4541
20156 4546
20037 4551
20452 4556
20062 4561
20664 4566
20632 4571
20461 4576
20438 4581
20833 4586
20611 4591
20934 4596
20559 4601
20385 4606
19824 4611
20482 4616
20373 4621
20141 4626
21529 4631
21104 4636
20207 4641
20715 4646
20612 4651
31769 4656
18961 4661
18693 4666
19056 4671
18732 4676
19169 4681
18507 4686
18570 4691
19449 4696
25085 4701
35517 4706
30923 4711
21566 4716
22413 4721
21770 4726
22190 4731
22747 4736
22043 4741
21586 4746
21792 4751
22460 4756
22153 4761
21763 4766
21453 4771
21789 4776
21675 4781
21978 4786
21684 4791
21839 4796
21705 4801
22117 4806
22194 4811
22025 4816
21749 4821
21535 4826
22264 4831
22348 4836
21856 4841
21965 4846
22688 4851
22348 4856
22512 4861
21924 4866
22429 4871
22572 4876
22588 4881
22483 4886
22661 4891
22582 4896
22763 4901
23616 4906
23365 4911
23117 4916
24061 4921
23685 4926
23482 4931
23687 4936
23108 4941
23384 4946
24353 4951
23835 4956
23528 4961
23765 4966
24457 4971
23879 4976
24456 4981
24208 4986
23862 4991
24130 4996
24622 5001
24080 5006
24558 5011
24533 5016
24323 5021
24068 5026
24641 5031
24129 5036
24759 5041
24212 5046
24810 5051
25364 5056
24972 5061
25182 5066
24701 5071
25366 5076
24689 5081
24614 5086
25039 5091
24972 5096
24771 5101
25542 5106
25623 5111
25362 5116
24695 5121
25681 5126
25282 5131
25635 5136
26083 5141
25814 5146
25624 5151
25612 5156
26000 5161
25177 5166
26278 5171
25753 5176
26096 5181
26242 5186
26142 5191
25927 5196
26121 5201
26734 5206
26324 5211
26325 5216
26617 5221
26307 5226
26170 5231
26676 5236
26542 5241
26970 5246
26944 5251
26636 5256
26261 5261
26891 5266
26981 5271
27029 5276
26920 5281
26826 5286
27024 5291
27065 5296
27060 5301
26851 5306
27052 5311
27020 5316
27232 5321
27948 5326
27825 5331
26730 5336
27652 5341
27873 5346
27179 5351
27101 5356
27732 5361
28285 5366
27811 5371
28147 5376
28087 5381
27859 5386
28274 5391
27908 5396
27606 5401
27359 5406
28204 5411
28475 5416
27383 5421
28249 5426
28823 5431
28735 5436
28518 5441
28503 5446
44423 5451
24843 5456
25885 5461
25939 5466
25554 5471
25612 5476
25837 5481
26164 5486
25752 5491
26092 5496
25627 5501
26170 5506
26113 5511
26178 5516
26903 5521
26740 5526
26209 5531
26302 5536
26473 5541
27312 5546
26924 5551
26513 5556
26228 5561
27106 5566
26929 5571
26938 5576
26737 5581
26911 5586
26605 5591
26915 5596
26985 5601
26907 5606
26970 5611
27043 5616
27258 5621
27068 5626
27158 5631
26999 5636
30406 5641
31450 5646
31859 5651
31972 5656
31792 5661
31607 5666
31611 5671
32509 5676
32673 5681
32325 5686
32268 5691
32128 5696
32271 5701
33029 5706
32682 5711
32051 5716
32739 5721
32730 5726
33283 5731
33265 5736
33035 5741
32425 5746
33118 5751
32780 5756
32835 5761
32133 5766
32138 5771
33095 5776
32106 5781
32470 5786
32775 5791
32031 5796
32741 5801
32514 5806
32787 5811
32015 5816
33214 5821
33163 5826
32671 5831
32839 5836
32291 5841
31987 5846
32703 5851
33168 5856
32668 5861
32082 5866
32879 5871
32521 5876
32650 5881
32903 5886
32676 5891
32471 5896
32694 5901
32737 5906
33185 5911
32784 5916
32811 5921
32956 5926
33263 5931
33254 5936
33436 5941
33392 5946
33165 5951
33468 5956
33830 5961
33439 5966
34007 5971
34281 5976
34222 5981
34689 5986
34577 5991
35269 5996
34667 6001
34730 6006
34606 6011
34967 6016
34387 6021
35465 6026
34493 6031
34394 6036
34788 6041
34622 6046
35079 6051
36163 6056
35045 6061
35812 6066
35435 6071
34828 6076
35615 6081
36190 6086
35695 6091
35892 6096
35527 6101
36125 6106
36767 6111
36784 6116
36574 6121
35420 6126
36186 6131
36580 6136
36519 6141
36234 6146
36221 6151
36447 6156
36718 6161
36756 6166
35784 6171
36065 6176
35719 6181
36335 6186
36144 6191
37007 6196
36522 6201
37223 6206
36505 6211
36938 6216
36448 6221
36852 6226
36360 6231
36275 6236
36249 6241
37002 6246
37773 6251
37156 6256
37681 6261
37094 6266
37402 6271
37583 6276
37219 6281
36476 6286
37051 6291
37290 6296
37890 6301
37338 6306
37498 6311
38067 6316
37028 6321
37410 6326
37927 6331
37603 6336
38336 6341
38270 6346
38314 6351
38758 6356
38626 6361
38513 6366
38880 6371
38716 6376
39617 6381
38528 6386
39073 6391
39487 6396
39828 6401
39693 6406
39707 6411
40049 6416
40670 6421
39067 6426
39983 6431
40115 6436
40559 6441
39350 6446
39968 6451
40206 6456
41130 6461
40095 6466
40766 6471
40134 6476
40732 6481
41114 6486
41685 6491
40664 6496
40448 6501
41089 6506
41500 6511
40963 6516
40428 6521
39469 6526
40916 6531
40925 6536
39524 6541
41274 6546
40579 6551
66584 6556
39475 6561
39390 6566
39151 6571
38677 6576
39556 6581
39842 6586
42073 6591
42260 6596
42395 6601
42223 6606
42784 6611
42586 6616
43205 6621
42625 6626
42105 6631
42201 6636
42831 6641
43051 6646
42763 6651
43068 6656
43339 6661
43182 6666
42780 6671
43072 6676
42365 6681
43947 6686
42693 6691
43882 6696
43294 6701
42899 6706
43834 6711
43208 6716
43841 6721
43986 6726
44655 6731
44026 6736
44165 6741
43957 6746
43073 6751
43962 6756
43623 6761
43542 6766
44321 6771
44295 6776
44341 6781
44660 6786
45323 6791
45489 6796
44551 6801
45049 6806
45183 6811
45429 6816
45153 6821
44838 6826
44874 6831
44996 6836
44968 6841
45574 6846
45794 6851
45443 6856
45551 6861
44752 6866
45306 6871
45709 6876
45262 6881
45291 6886
45782 6891
46337 6896
45464 6901
45963 6906
46189 6911
46882 6916
46944 6921
46100 6926
46689 6931
46833 6936
46774 6941
46045 6946
45841 6951
46588 6956
47132 6961
46677 6966
47474 6971
47284 6976
46444 6981
47538 6986
47579 6991
47557 6996
46670 7001
47323 7006
47654 7011
47397 7016
47644 7021
47428 7026
46900 7031
47712 7036
47844 7041
47974 7046
47424 7051
48418 7056
48846 7061
48099 7066
47684 7071
47840 7076
48644 7081
48722 7086
49539 7091
48044 7096
48148 7101
48851 7106
48728 7111
49137 7116
49399 7121
48535 7126
48604 7131
48590 7136
64895 7141
81568 7146
52542 7151
47829 7156
48263 7161
49270 7166
48825 7171
48409 7176
48509 7181
48276 7186
48930 7191
49106 7196
49252 7201
49466 7206
50071 7211
49209 7216
49363 7221
49667 7226
51444 7231
49789 7236
50626 7241
50992 7246
50543 7251
51075 7256
50816 7261
51103 7266
51159 7271
51306 7276
51577 7281
51890 7286
51980 7291
51000 7296
51935 7301
51165 7306
51864 7311
51879 7316
51866 7321
52777 7326
52607 7331
52815 7336
52584 7341
52156 7346
52451 7351
51820 7356
52318 7361
52250 7366
52438 7371
52749 7376
52165 7381
51026 7386
52302 7391
51896 7396
52993 7401
53424 7406
52284 7411
53158 7416
53109 7421
53304 7426
53366 7431
54005 7436
53296 7441
54005 7446
52590 7451
53665 7456
53391 7461
53617 7466
52858 7471
81068 7476
50965 7481
48495 7486
48714 7491
47819 7496
48494 7501
47542 7506
49824 7511
54660 7516
54673 7521
54961 7526
55904 7531
55442 7536
54564 7541
55114 7546
55495 7551
54554 7556
55654 7561
55125 7566
54457 7571
56179 7576
56044 7581
55587 7586
55535 7591
55393 7596
55316 7601
54979 7606
55660 7611
56661 7616
55594 7621
54592 7626
55054 7631
56858 7636
56982 7641
55982 7646
57017 7651
56213 7656
56266 7661
56555 7666
54834 7671
55790 7676
56804 7681
57229 7686
57266 7691
57186 7696
57206 7701
94891 7706
53114 7711
51071 7716
53697 7721
55692 7726
55377 7731
58501 7736
57495 7741
58437 7746
58049 7751
58145 7756
58225 7761
58544 7766
59040 7771
59482 7776
58085 7781
58795 7786
59184 7791
58681 7796
58702 7801
59221 7806
59298 7811
57737 7816
57514 7821
57660 7826
57349 7831
58252 7836
58161 7841
57755 7846
96558 7851
98277 7856
97457 7861
98484 7866
97254 7871
98723 7876
98353 7881
96977 7886
98263 7891
93976 7896
60082 7901
59616 7906
59902 7911
59880 7916
60803 7921
59986 7926
60766 7931
59473 7936
59603 7941
59641 7946
59110 7951
59476 7956
59529 7961
60621 7966
60547 7971
60101 7976
60256 7981
59710 7986
60826 7991
59513 7996
60207 8001
61098 8006
60919 8011
61233 8016
62662 8021
62790 8026
61966 8031
60948 8036
61838 8041
62702 8046
61994 8051
63078 8056
63076 8061
61448 8066
60997 8071
61820 8076
62706 8081
63146 8086
63233 8091
62843 8096
62835 8101
62177 8106
62108 8111
62168 8116
63245 8121
63915 8126
63598 8131
62780 8136
62126 8141
63669 8146
62431 8151
63164 8156
62971 8161
62814 8166
62783 8171
63563 8176
63169 8181
63605 8186
64827 8191
65225 8196
64942 8201
66453 8206
108900 8211
107600 8216
108338 8221
63514 8226
66201 8231
65721 8236
66225 8241
64295 8246
64561 8251
65781 8256
65206 8261
66226 8266
98278 8271
109823 8276
59023 8281
59742 8286
59526 8291
58782 8296
60158 8301
59703 8306
59242 8311
59555 8316
59738 8321
60297 8326
58930 8331
59591 8336
60207 8341
61343 8346
69959 8351
68631 8356
68714 8361
69076 8366
68934 8371
68070 8376
67973 8381
67194 8386
68150 8391
67153 8396
67138 8401
67224 8406
84140 8411
66228 8416
68357 8421
67966 8426
68931 8431
68019 8436
68980 8441
69680 8446
69622 8451
69275 8456
69934 8461
69284 8466
69378 8471
69401 8476
69395 8481
70149 8486
67466 8491
67494 8496
67965 8501
68042 8506
70340 8511
69825 8516
69360 8521
70239 8526
71253 8531
71227 8536
70485 8541
69945 8546
68958 8551
71596 8556
70841 8561
70351 8566
102484 8571
116155 8576
117991 8581
68147 8586
74630 8591
73247 8596
73273 8601
74285 8606
73401 8611
74827 8616
75058 8621
74285 8626
75825 8631
73748 8636
74477 8641
75094 8646
71595 8651
78527 8656
120223 8661
118431 8666
119740 8671
119693 8676
120657 8681
67163 8686
68949 8691
76352 8696
73805 8701
75532 8706
74625 8711
115280 8716
121011 8721
120649 8726
122102 8731
122133 8736
122423 8741
123115 8746
122476 8751
121259 8756
77721 8761
74969 8766
75071 8771
72826 8776
72928 8781
72819 8786
74734 8791
75121 8796
75774 8801
74136 8806
75542 8811
75128 8816
75398 8821
75200 8826
74803 8831
73780 8836
76033 8841
74198 8846
73437 8851
74581 8856
74811 8861
73954 8866
73807 8871
74980 8876
73735 8881
76784 8886
76834 8891
76045 8896
74498 8901
72760 8906
76634 8911
76857 8916
75933 8921
75627 8926
75391 8931
76904 8936
76881 8941
76405 8946
76620 8951
77496 8956
78230 8961
77002 8966
75670 8971
76148 8976
77409 8981
76472 8986
106748 8991
77707 8996
77823 9001
76659 9006
76944 9011
76052 9016
77766 9021
78906 9026
79243 9031
78498 9036
79341 9041
78697 9046
79894 9051
79979 9056
79359 9061
78302 9066
77868 9071
78919 9076
77236 9081
77853 9086
76834 9091
77753 9096
79475 9101
81933 9106
78360 9111
80602 9116
80544 9121
79917 9126
79980 9131
78632 9136
78285 9141
80284 9146
80606 9151
80985 9156
80586 9161
81824 9166
80459 9171
82311 9176
81300 9181
80417 9186
81471 9191
81046 9196
81887 9201
81481 9206
81180 9211
81908 9216
82669 9221
81525 9226
81901 9231
80942 9236
81952 9241
81724 9246
79941 9251
81181 9256
81372 9261
81886 9266
81422 9271
81067 9276
81581 9281
81734 9286
81701 9291
81134 9296
82962 9301
82006 9306
81193 9311
82110 9316
82792 9321
83158 9326
83617 9331
82888 9336
123559 9341
80493 9346
80360 9351
79246 9356
82528 9361
82077 9366
83174 9371
82724 9376
83038 9381
83116 9386
130576 9391
141690 9396
138991 9401
79696 9406
80493 9411
80440 9416
85807 9421
84836 9426
85501 9431
85069 9436
84214 9441
84712 9446
83545 9451
84287 9456
83247 9461
83119 9466
84088 9471
84229 9476
83054 9481
84818 9486
126190 9491
127049 9496
91402 9501
85838 9506
86009 9511
86599 9516
87092 9521
88522 9526
87063 9531
86968 9536
88030 9541
144143 9546
86539 9551
85968 9556
89892 9561
90188 9566
89668 9571
87142 9576
89846 9581
90140 9586
90691 9591
87627 9596
88508 9601
87800 9606
87911 9611
87056 9616
87660 9621
88575 9626
87026 9631
87988 9636
88881 9641
86548 9646
88041 9651
88463 9656
90856 9661
91019 9666
90575 9671
89787 9676
88922 9681
90501 9686
89850 9691
90558 9696
88746 9701
89896 9706
90176 9711
90898 9716
91551 9721
91407 9726
91245 9731
90010 9736
92310 9741
91333 9746
91858 9751
90455 9756
91635 9761
92187 9766
92036 9771
92120 9776
91979 9781
107559 9786
103302 9791
90710 9796
90036 9801
90227 9806
90813 9811
90802 9816
93081 9821
92144 9826
92013 9831
93270 9836
93066 9841
91379 9846
93015 9851
92907 9856
93238 9861
93094 9866
93961 9871
93163 9876
93786 9881
93061 9886
90608 9891
92213 9896
92799 9901
94917 9906
94302 9911
94213 9916
93917 9921
94708 9926
95895 9931
94464 9936
96840 9941
93539 9946
92688 9951
94586 9956
93666 9961
92859 9966
95407 9971
113979 9976
161223 9981
108215 9986
93901 9991
95874 9996
