3 5
3 15
5 25
5 35
7 45
8 55
10 65
13 75
13 85
14 95
16 105
18 115
20 125
22 135
23 145
26 155
27 165
29 175
31 185
34 195
35 205
37 215
38 225
41 235
44 245
45 255
49 265
47 275
51 285
52 295
57 305
57 315
58 325
59 335
63 345
65 355
69 365
68 375
71 385
73 395
76 405
80 415
107 425
85 435
83 445
86 455
89 465
91 475
93 485
92 495
96 505
96 515
101 525
103 535
105 545
110 555
110 565
112 575
115 585
116 595
122 605
121 615
128 625
126 635
130 645
130 655
134 665
138 675
135 685
142 695
143 705
143 715
146 725
146 735
150 745
152 755
154 765
159 775
162 785
161 795
169 805
171 815
188 825
167 835
173 845
175 855
178 865
183 875
187 885
187 895
202 905
187 915
191 925
195 935
199 945
198 955
222 965
205 975
218 985
215 995
214 1005
210 1015
217 1025
227 1035
218 1045
224 1055
226 1065
227 1075
236 1085
233 1095
235 1105
241 1115
244 1125
247 1135
257 1145
248 1155
246 1165
257 1175
274 1185
254 1195
280 1205
263 1215
266 1225
267 1235
287 1245
273 1255
281 1265
310 1275
273 1285
285 1295
282 1305
292 1315
290 1325
295 1335
292 1345
296 1355
317 1365
310 1375
310 1385
303 1395
315 1405
319 1415
311 1425
320 1435
315 1445
342 1455
332 1465
330 1475
338 1485
342 1495
332 1505
330 1515
335 1525
337 1535
341 1545
342 1555
350 1565
361 1575
356 1585
361 1595
388 1605
284 1615
198 1625
192 1635
169 1645
169 1655
171 1665
179 1675
180 1685
175 1695
180 1705
178 1715
180 1725
178 1735
181 1745
201 1755
193 1765
184 1775
183 1785
188 1795
188 1805
170 1815
160 1825
157 1835
157 1845
159 1855
157 1865
158 1875
167 1885
195 1895
176 1905
180 1915
184 1925
189 1935
185 1945
187 1955
185 1965
206 1975
210 1985
209 1995
171 2005
176 2015
172 2025
196 2035
195 2045
200 2055
200 2065
203 2075
218 2085
199 2095
204 2105
206 2115
204 2125
209 2135
204 2145
211 2155
227 2165
208 2175
210 2185
211 2195
215 2205
240 2215
228 2225
192 2235
197 2245
197 2255
198 2265
194 2275
200 2285
217 2295
226 2305
224 2315
250 2325
258 2335
226 2345
207 2355
220 2365
210 2375
214 2385
211 2395
212 2405
234 2415
234 2425
236 2435
241 2445
244 2455
270 2465
272 2475
217 2485
226 2495
227 2505
229 2515
262 2525
258 2535
255 2545
250 2555
288 2565
281 2575
230 2585
230 2595
231 2605
235 2615
258 2625
308 2635
263 2645
270 2655
265 2665
259 2675
267 2685
265 2695
267 2705
295 2715
319 2725
285 2735
270 2745
280 2755
275 2765
328 2775
282 2785
275 2795
278 2805
282 2815
279 2825
283 2835
284 2845
289 2855
286 2865
290 2875
320 2885
304 2895
257 2905
297 2915
300 2925
300 2935
296 2945
298 2955
323 2965
339 2975
270 2985
270 2995
314 3005
308 3015
309 3025
313 3035
332 3045
355 3055
275 3065
278 3075
276 3085
320 3095
309 3105
313 3115
351 3125
362 3135
285 3145
288 3155
282 3165
321 3175
341 3185
331 3195
327 3205
339 3215
364 3225
369 3235
292 3245
326 3255
333 3265
334 3275
331 3285
332 3295
329 3305
334 3315
335 3325
332 3335
344 3345
335 3355
345 3365
342 3375
343 3385
351 3395
352 3405
393 3415
344 3425
360 3435
356 3445
349 3455
411 3465
365 3475
341 3485
369 3495
372 3505
366 3515
361 3525
363 3535
382 3545
408 3555
387 3565
365 3575
381 3585
409 3595
374 3605
367 3615
381 3625
435 3635
381 3645
372 3655
372 3665
387 3675
376 3685
416 3695
423 3705
380 3715
397 3725
429 3735
399 3745
342 3755
353 3765
396 3775
388 3785
404 3795
447 3805
359 3815
358 3825
354 3835
412 3845
394 3855
405 3865
410 3875
459 3885
372 3895
361 3905
402 3915
411 3925
408 3935
456 3945
407 3955
409 3965
421 3975
435 3985
429 3995
439 4005
406 4015
436 4025
447 4035
413 4045
425 4055
434 4065
430 4075
422 4085
429 4095
442 4105
434 4115
426 4125
460 4135
395 4145
395 4155
429 4165
442 4175
460 4185
478 4195
418 4205
393 4215
440 4225
443 4235
487 4245
461 4255
410 4265
411 4275
421 4285
456 4295
450 4305
469 4315
485 4325
456 4335
467 4345
525 4355
468 4365
520 4375
447 4385
466 4395
477 4405
461 4415
516 4425
463 4435
487 4445
461 4455
472 4465
465 4475
471 4485
470 4495
512 4505
463 4515
476 4525
488 4535
518 4545
447 4555
438 4565
477 4575
498 4585
544 4595
440 4605
444 4615
446 4625
503 4635
483 4645
520 4655
544 4665
444 4675
506 4685
504 4695
525 4705
521 4715
458 4725
532 4735
493 4745
556 4755
497 4765
507 4775
505 4785
495 4795
517 4805
505 4815
515 4825
574 4835
520 4845
510 4855
582 4865
465 4875
484 4885
539 4895
525 4905
594 4915
524 4925
537 4935
575 4945
520 4955
538 4965
581 4975
527 4985
556 4995
553 5005
528 5015
533 5025
527 5035
566 5045
541 5055
554 5065
492 5075
485 5085
528 5095
552 5105
543 5115
631 5125
485 5135
525 5145
493 5155
503 5165
499 5175
501 5185
504 5195
523 5205
499 5215
501 5225
513 5235
563 5245
589 5255
572 5265
592 5275
596 5285
543 5295
615 5305
569 5315
582 5325
585 5335
610 5345
572 5355
591 5365
614 5375
517 5385
560 5395
538 5405
525 5415
530 5425
524 5435
553 5445
536 5455
540 5465
536 5475
543 5485
549 5495
548 5505
540 5515
527 5525
548 5535
620 5545
650 5555
628 5565
620 5575
539 5585
624 5595
610 5605
614 5615
613 5625
630 5635
619 5645
619 5655
675 5665
553 5675
616 5685
630 5695
683 5705
549 5715
615 5725
627 5735
682 5745
552 5755
556 5765
559 5775
558 5785
559 5795
572 5805
599 5815
623 5825
650 5835
685 5845
630 5855
627 5865
645 5875
634 5885
649 5895
656 5905
636 5915
637 5925
641 5935
656 5945
661 5955
648 5965
660 5975
662 5985
649 5995
737 6005
593 6015
591 6025
656 6035
660 6045
736 6055
644 6065
743 6075
658 6085
671 6095
667 6105
672 6115
709 6125
593 6135
604 6145
678 6155
729 6165
624 6175
601 6185
655 6195
666 6205
742 6215
610 6225
660 6235
679 6245
743 6255
618 6265
695 6275
730 6285
659 6295
607 6305
695 6315
687 6325
721 6335
694 6345
723 6355
708 6365
691 6375
626 6385
671 6395
686 6405
746 6415
700 6425
684 6435
703 6445
794 6455
635 6465
698 6475
732 6485
727 6495
643 6505
803 6515
794 6525
717 6535
804 6545
733 6555
780 6565
709 6575
766 6585
742 6595
675 6605
688 6615
738 6625
722 6635
804 6645
651 6655
759 6665
784 6675
698 6685
699 6695
742 6705
793 6715
679 6725
731 6735
735 6745
746 6755
791 6765
739 6775
749 6785
755 6795
784 6805
749 6815
742 6825
793 6835
785 6845
824 6855
705 6865
774 6875
767 6885
833 6895
765 6905
781 6915
806 6925
789 6935
832 6945
776 6955
789 6965
790 6975
831 6985
798 6995
781 7005
745 7015
781 7025
848 7035
692 7045
773 7055
765 7065
828 7075
799 7085
790 7095
828 7105
777 7115
813 7125
798 7135
813 7145
805 7155
813 7165
806 7175
824 7185
811 7195
848 7205
711 7215
788 7225
842 7235
792 7245
736 7255
814 7265
876 7275
785 7285
796 7295
817 7305
850 7315
836 7325
834 7335
772 7345
784 7355
819 7365
814 7375
831 7385
854 7395
834 7405
784 7415
790 7425
826 7435
858 7445
736 7455
838 7465
862 7475
736 7485
763 7495
804 7505
748 7515
874 7525
844 7535
904 7545
767 7555
858 7565
896 7575
841 7585
864 7595
839 7605
879 7615
865 7625
891 7635
793 7645
787 7655
858 7665
896 7675
858 7685
865 7695
869 7705
910 7715
859 7725
873 7735
894 7745
894 7755
879 7765
921 7775
892 7785
900 7795
802 7805
864 7815
917 7825
822 7835
832 7845
871 7855
892 7865
954 7875
913 7885
934 7895
906 7905
892 7915
878 7925
925 7935
874 7945
939 7955
826 7965
1024 7975
953 7985
823 7995
901 8005
943 8015
796 8025
890 8035
910 8045
954 8055
932 8065
957 8075
890 8085
961 8095
922 8105
905 8115
939 8125
845 8135
830 8145
909 8155
978 8165
815 8175
942 8185
996 8195
841 8205
927 8215
953 8225
979 8235
908 8245
988 8255
856 8265
916 8275
981 8285
927 8295
921 8305
954 8315
1021 8325
929 8335
947 8345
983 8355
983 8365
892 8375
906 8385
927 8395
1011 8405
982 8415
960 8425
986 8435
922 8445
1022 8455
881 8465
976 8475
976 8485
946 8495
955 8505
1025 8515
853 8525
950 8535
975 8545
965 8555
1028 8565
930 8575
1080 8585
969 8595
1029 8605
953 8615
1039 8625
998 8635
1011 8645
963 8655
895 8665
1001 8675
1038 8685
902 8695
986 8705
1036 8715
1035 8725
991 8735
1034 8745
1028 8755
976 8765
1008 8775
996 8785
999 8795
904 8805
1072 8815
909 8825
952 8835
999 8845
1004 8855
969 8865
1077 8875
985 8885
1042 8895
1064 8905
1027 8915
1010 8925
1041 8935
1012 8945
1022 8955
1054 8965
1000 8975
1040 8985
972 8995
1013 9005
1044 9015
1088 9025
1036 9035
1079 9045
1085 9055
1030 9065
1115 9075
1062 9085
1072 9095
968 9105
1108 9115
919 9125
1050 9135
1093 9145
1040 9155
1048 9165
1120 9175
1060 9185
1096 9195
1053 9205
1055 9215
1052 9225
1096 9235
1045 9245
1051 9255
1048 9265
1047 9275
1004 9285
1042 9295
1100 9305
1039 9315
1088 9325
1110 9335
1113 9345
1007 9355
1113 9365
1117 9375
1073 9385
1080 9395
1091 9405
1020 9415
1064 9425
1108 9435
1087 9445
1052 9455
1005 9465
1099 9475
1157 9485
1121 9495
1138 9505
1101 9515
1120 9525
1099 9535
1104 9545
1096 9555
1130 9565
1135 9575
990 9585
1069 9595
1114 9605
1077 9615
1108 9625
1104 9635
1134 9645
1139 9655
1018 9665
1107 9675
1175 9685
1099 9695
1205 9705
1082 9715
1183 9725
1006 9735
1097 9745
1176 9755
1151 9765
1111 9775
1124 9785
1140 9795
1134 9805
1180 9815
1134 9825
1148 9835
1129 9845
1167 9855
1087 9865
1209 9875
1038 9885
1182 9895
1123 9905
1201 9915
1206 9925
1157 9935
1145 9945
1173 9955
1163 9965
1183 9975
1116 9985
1226 9995
