2 5
3 15
4 25
6 35
7 45
8 55
9 65
11 75
12 85
14 95
16 105
17 115
20 125
21 135
23 145
25 155
27 165
28 175
29 185
30 195
32 205
35 215
36 225
40 235
39 245
41 255
44 265
45 275
72 285
49 295
49 305
53 315
54 325
57 335
57 345
63 355
64 365
66 375
65 385
68 395
69 405
73 415
74 425
76 435
78 445
81 455
83 465
85 475
87 485
92 495
89 505
91 515
96 525
94 535
97 545
103 555
101 565
108 575
105 585
109 595
108 605
110 615
112 625
114 635
116 645
119 655
127 665
124 675
125 685
128 695
134 705
137 715
135 725
136 735
136 745
142 755
140 765
143 775
149 785
175 795
149 805
154 815
158 825
157 835
173 845
168 855
164 865
174 875
174 885
179 895
178 905
180 915
176 925
179 935
198 945
184 955
187 965
189 975
191 985
212 995
214 1005
213 1015
213 1025
217 1035
224 1045
216 1055
225 1065
249 1075
237 1085
231 1095
232 1105
256 1115
236 1125
248 1135
239 1145
244 1155
247 1165
296 1175
267 1185
241 1195
247 1205
245 1215
251 1225
245 1235
247 1245
251 1255
257 1265
259 1275
291 1285
266 1295
261 1305
271 1315
272 1325
270 1335
273 1345
271 1355
276 1365
300 1375
276 1385
280 1395
289 1405
293 1415
288 1425
289 1435
293 1445
295 1455
318 1465
305 1475
311 1485
335 1495
325 1505
312 1515
311 1525
309 1535
321 1545
326 1555
323 1565
327 1575
330 1585
333 1595
342 1605
328 1615
335 1625
333 1635
339 1645
199 1655
203 1665
209 1675
210 1685
217 1695
174 1705
180 1715
188 1725
191 1735
200 1745
188 1755
184 1765
213 1775
201 1785
165 1795
167 1805
168 1815
169 1825
177 1835
186 1845
173 1855
174 1865
177 1875
182 1885
201 1895
180 1905
178 1915
180 1925
185 1935
189 1945
210 1955
181 1965
167 1975
166 1985
171 1995
172 2005
180 2015
180 2025
179 2035
205 2045
206 2055
201 2065
202 2075
196 2085
205 2095
201 2105
217 2115
223 2125
221 2135
184 2145
182 2155
185 2165
208 2175
209 2185
210 2195
212 2205
209 2215
210 2225
245 2235
241 2245
202 2255
205 2265
196 2275
199 2285
197 2295
224 2305
219 2315
220 2325
223 2335
253 2345
252 2355
244 2365
238 2375
229 2385
232 2395
233 2405
271 2415
240 2425
245 2435
244 2445
242 2455
241 2465
241 2475
242 2485
252 2495
257 2505
251 2515
261 2525
246 2535
255 2545
246 2555
262 2565
265 2575
304 2585
256 2595
255 2605
257 2615
277 2625
256 2635
268 2645
264 2655
284 2665
261 2675
257 2685
261 2695
261 2705
265 2715
308 2725
276 2735
270 2745
267 2755
274 2765
277 2775
305 2785
282 2795
292 2805
283 2815
281 2825
275 2835
279 2845
281 2855
317 2865
280 2875
256 2885
294 2895
296 2905
341 2915
294 2925
290 2935
297 2945
299 2955
292 2965
308 2975
312 2985
307 2995
332 3005
304 3015
300 3025
299 3035
331 3045
341 3055
302 3065
279 3075
282 3085
310 3095
314 3105
314 3115
317 3125
352 3135
291 3145
289 3155
287 3165
313 3175
319 3185
330 3195
349 3205
363 3215
288 3225
290 3235
289 3245
306 3255
338 3265
328 3275
331 3285
329 3295
343 3305
329 3315
348 3325
339 3335
359 3345
350 3355
348 3365
366 3375
343 3385
339 3395
354 3405
400 3415
347 3425
341 3435
345 3445
362 3455
369 3465
349 3475
352 3485
388 3495
358 3505
353 3515
354 3525
386 3535
385 3545
319 3555
341 3565
366 3575
367 3585
376 3595
441 3605
346 3615
358 3625
341 3635
384 3645
378 3655
390 3665
412 3675
338 3685
354 3695
347 3705
390 3715
383 3725
418 3735
375 3745
362 3755
393 3765
385 3775
409 3785
387 3795
390 3805
390 3815
398 3825
395 3835
414 3845
426 3855
390 3865
397 3875
400 3885
398 3895
401 3905
436 3915
403 3925
424 3935
402 3945
435 3955
423 3965
372 3975
399 3985
423 3995
422 4005
445 4015
415 4025
372 4035
370 4045
425 4055
415 4065
467 4075
433 4085
382 4095
380 4105
411 4115
434 4125
446 4135
428 4145
447 4155
440 4165
450 4175
428 4185
434 4195
458 4205
431 4215
421 4225
438 4235
439 4245
438 4255
472 4265
456 4275
504 4285
474 4295
462 4305
488 4315
451 4325
451 4335
470 4345
472 4355
448 4365
451 4375
450 4385
464 4395
505 4405
435 4415
454 4425
469 4435
497 4445
435 4455
460 4465
518 4475
471 4485
472 4495
493 4505
465 4515
477 4525
487 4535
514 4545
493 4555
472 4565
472 4575
503 4585
477 4595
494 4605
472 4615
443 4625
442 4635
482 4645
495 4655
483 4665
486 4675
489 4685
572 4695
494 4705
530 4715
517 4725
522 4735
516 4745
514 4755
505 4765
509 4775
543 4785
463 4795
511 4805
508 4815
517 4825
580 4835
459 4845
482 4855
511 4865
520 4875
582 4885
471 4895
459 4905
519 4915
554 4925
551 4935
484 4945
468 4955
534 4965
527 4975
548 4985
540 4995
538 5005
544 5015
524 5025
527 5035
542 5045
561 5055
551 5065
540 5075
532 5085
557 5095
518 5105
541 5115
557 5125
551 5135
600 5145
490 5155
535 5165
550 5175
570 5185
553 5195
497 5205
537 5215
559 5225
607 5235
504 5245
497 5255
548 5265
560 5275
573 5285
555 5295
563 5305
573 5315
567 5325
580 5335
597 5345
571 5355
579 5365
589 5375
575 5385
613 5395
593 5405
576 5415
622 5425
526 5435
519 5445
575 5455
580 5465
616 5475
580 5485
549 5495
591 5505
595 5515
609 5525
534 5535
533 5545
617 5555
630 5565
620 5575
602 5585
639 5595
637 5605
604 5615
626 5625
614 5635
601 5645
627 5655
618 5665
605 5675
652 5685
623 5695
623 5705
606 5715
576 5725
611 5735
621 5745
621 5755
560 5765
621 5775
646 5785
623 5795
625 5805
653 5815
656 5825
588 5835
566 5845
557 5855
617 5865
622 5875
682 5885
567 5895
625 5905
634 5915
690 5925
587 5935
594 5945
635 5955
636 5965
710 5975
582 5985
662 5995
644 6005
700 6015
590 6025
670 6035
655 6045
665 6055
651 6065
695 6075
693 6085
589 6095
586 6105
617 6115
676 6125
689 6135
638 6145
597 6155
668 6165
737 6175
622 6185
597 6195
685 6205
732 6215
597 6225
615 6235
671 6245
671 6255
735 6265
689 6275
683 6285
709 6295
674 6305
684 6315
705 6325
724 6335
616 6345
632 6355
676 6365
688 6375
748 6385
624 6395
676 6405
711 6415
695 6425
633 6435
683 6445
709 6455
730 6465
664 6475
743 6485
824 6495
718 6505
722 6515
726 6525
715 6535
710 6545
758 6555
722 6565
730 6575
750 6585
741 6595
713 6605
750 6615
643 6625
720 6635
748 6645
710 6655
723 6665
783 6675
763 6685
717 6695
774 6705
740 6715
778 6725
660 6735
739 6745
765 6755
735 6765
668 6775
742 6785
814 6795
692 6805
660 6815
752 6825
753 6835
727 6845
718 6855
756 6865
807 6875
751 6885
792 6895
773 6905
764 6915
770 6925
781 6935
821 6945
683 6955
719 6965
763 6975
783 6985
688 6995
768 7005
765 7015
828 7025
711 7035
791 7045
839 7055
715 7065
811 7075
834 7085
708 7095
701 7105
806 7115
788 7125
798 7135
807 7145
783 7155
769 7165
724 7175
791 7185
893 7195
748 7205
793 7215
846 7225
710 7235
728 7245
789 7255
860 7265
716 7275
827 7285
817 7295
844 7305
741 7315
823 7325
835 7335
742 7345
858 7355
867 7365
843 7375
863 7385
829 7395
817 7405
835 7415
849 7425
735 7435
740 7445
839 7455
853 7465
767 7475
781 7485
839 7495
821 7505
767 7515
869 7525
800 7535
796 7545
844 7555
850 7565
865 7575
876 7585
838 7595
841 7605
926 7615
889 7625
859 7635
858 7645
843 7655
888 7665
766 7675
862 7685
921 7695
761 7705
839 7715
855 7725
895 7735
812 7745
901 7755
878 7765
798 7775
872 7785
879 7795
855 7805
865 7815
891 7825
864 7835
886 7845
901 7855
775 7865
896 7875
939 7885
813 7895
827 7905
888 7915
1025 7925
826 7935
865 7945
901 7955
819 7965
893 7975
891 7985
866 7995
901 8005
911 8015
908 8025
887 8035
916 8045
808 8055
915 8065
930 8075
798 8085
913 8095
905 8105
895 8115
907 8125
955 8135
828 8145
939 8155
943 8165
905 8175
963 8185
939 8195
928 8205
963 8215
917 8225
964 8235
935 8245
939 8255
960 8265
945 8275
879 8285
857 8295
982 8305
929 8315
965 8325
969 8335
904 8345
834 8355
927 8365
974 8375
837 8385
939 8395
1002 8405
835 8415
937 8425
963 8435
996 8445
986 8455
963 8465
1039 8475
946 8485
950 8495
994 8505
992 8515
846 8525
931 8535
992 8545
974 8555
937 8565
1008 8575
863 8585
968 8595
1013 8605
992 8615
965 8625
1039 8635
876 8645
962 8655
1017 8665
1040 8675
1011 8685
1037 8695
983 8705
987 8715
877 8725
982 8735
1040 8745
868 8755
990 8765
1028 8775
972 8785
998 8795
1063 8805
930 8815
1042 8825
951 8835
954 8845
1008 8855
998 8865
1022 8875
1038 8885
1126 8895
1018 8905
1033 8915
1015 8925
996 8935
1018 8945
1014 8955
1036 8965
989 8975
1024 8985
1012 8995
951 9005
1033 9015
1055 9025
998 9035
1040 9045
1016 9055
1033 9065
1038 9075
1022 9085
1069 9095
1055 9105
1059 9115
1060 9125
1175 9135
1032 9145
1058 9155
982 9165
1087 9175
959 9185
1003 9195
1060 9205
1023 9215
1054 9225
1073 9235
1064 9245
1060 9255
1075 9265
1069 9275
1093 9285
1133 9295
1052 9305
1113 9315
1047 9325
1086 9335
930 9345
1111 9355
1083 9365
1137 9375
1117 9385
973 9395
1043 9405
1096 9415
1090 9425
1069 9435
1068 9445
1075 9455
1137 9465
1145 9475
1124 9485
1113 9495
1143 9505
967 9515
1002 9525
1088 9535
1081 9545
1076 9555
1099 9565
960 9575
1158 9585
1008 9595
1037 9605
1126 9615
991 9625
1104 9635
1132 9645
1155 9655
1157 9665
1165 9675
1117 9685
1103 9695
1126 9705
1124 9715
1135 9725
1106 9735
1152 9745
1155 9755
1137 9765
1002 9775
1140 9785
1149 9795
1102 9805
1107 9815
1174 9825
1160 9835
1167 9845
1142 9855
1134 9865
1057 9875
1134 9885
1139 9895
1136 9905
1141 9915
1086 9925
1227 9935
1019 9945
1147 9955
1152 9965
1154 9975
1134 9985
1159 9995
