3 5
2 15
3 25
4 35
7 45
9 55
10 65
13 75
19 85
21 95
27 105
31 115
34 125
48 135
48 145
52 155
62 165
69 175
72 185
79 195
91 205
98 215
108 225
118 235
119 245
131 255
150 265
151 275
193 285
174 295
194 305
197 315
210 325
220 335
242 345
244 355
274 365
272 375
300 385
322 395
328 405
340 415
355 425
395 435
382 445
395 455
412 465
433 475
469 485
495 495
491 505
525 515
527 525
551 535
636 545
579 555
596 565
700 575
763 585
792 595
801 605
821 615
842 625
907 635
847 645
914 655
1000 665
984 675
1003 685
1029 695
1073 705
1151 715
1162 725
1169 735
1170 745
1222 755
1267 765
1249 775
1058 785
816 795
695 805
718 815
733 825
742 835
709 845
700 855
769 865
720 875
758 885
840 895
824 905
821 915
865 925
800 935
810 945
878 955
948 965
834 975
970 985
966 995
1025 1005
912 1015
1040 1025
1110 1035
991 1045
1051 1055
1151 1065
1132 1075
1176 1085
1167 1095
1183 1105
1190 1115
1265 1125
1235 1135
1325 1145
1173 1155
1285 1165
1322 1175
1377 1185
1365 1195
1523 1205
1458 1215
1277 1225
1493 1235
1542 1245
1531 1255
1585 1265
1492 1275
1657 1285
1574 1295
1590 1305
1671 1315
1703 1325
1677 1335
1692 1345
1675 1355
1802 1365
1830 1375
1745 1385
1872 1395
1919 1405
1824 1415
2007 1425
1928 1435
2050 1445
1849 1455
2124 1465
2009 1475
2050 1485
2110 1495
2165 1505
2285 1515
2154 1525
2346 1535
2331 1545
2454 1555
2350 1565
2363 1575
2405 1585
2554 1595
2375 1605
2408 1615
2524 1625
2488 1635
2575 1645
2673 1655
2530 1665
2754 1675
2814 1685
2706 1695
2869 1705
2776 1715
2790 1725
2694 1735
2877 1745
2990 1755
2967 1765
3124 1775
3058 1785
3056 1795
3255 1805
2902 1815
3225 1825
3079 1835
3331 1845
3289 1855
3326 1865
3427 1875
3658 1885
3285 1895
3531 1905
3559 1915
3568 1925
3568 1935
3511 1945
3631 1955
3715 1965
3656 1975
3857 1985
3924 1995
3802 2005
3833 2015
3967 2025
4003 2035
4079 2045
3960 2055
3995 2065
4023 2075
4140 2085
4171 2095
4128 2105
4330 2115
4163 2125
4467 2135
4276 2145
4677 2155
4608 2165
4635 2175
4527 2185
4599 2195
4710 2205
4493 2215
4752 2225
4890 2235
4852 2245
4947 2255
4798 2265
4999 2275
4967 2285
4929 2295
5065 2305
5255 2315
5262 2325
5176 2335
5299 2345
5250 2355
5250 2365
5335 2375
5462 2385
5449 2395
5393 2405
5824 2415
5635 2425
5631 2435
5617 2445
5659 2455
5918 2465
5789 2475
5783 2485
5857 2495
6085 2505
6188 2515
5908 2525
6309 2535
6003 2545
6209 2555
6365 2565
6415 2575
6235 2585
6053 2595
6039 2605
6637 2615
6673 2625
6663 2635
6672 2645
6820 2655
6570 2665
6812 2675
7001 2685
6794 2695
7078 2705
6874 2715
7061 2725
7192 2735
7360 2745
7214 2755
7209 2765
7459 2775
7459 2785
7297 2795
7227 2805
7566 2815
7753 2825
7721 2835
7679 2845
7969 2855
7772 2865
8059 2875
7929 2885
7786 2895
8172 2905
7970 2915
8001 2925
8258 2935
8328 2945
8289 2955
8556 2965
8548 2975
8440 2985
8606 2995
8477 3005
8692 3015
14364 3025
14896 3035
14689 3045
14881 3055
15256 3065
15174 3075
8561 3085
8650 3095
8862 3105
9038 3115
9130 3125
9050 3135
9100 3145
9384 3155
9223 3165
9134 3175
9107 3185
9259 3195
9477 3205
9342 3215
9926 3225
9929 3235
9657 3245
9602 3255
9966 3265
9807 3275
9951 3285
10100 3295
9474 3305
9713 3315
9428 3325
9681 3335
9797 3345
9810 3355
9683 3365
10038 3375
10098 3385
10085 3395
9966 3405
10589 3415
10287 3425
10283 3435
10432 3445
10458 3455
10664 3465
10656 3475
10504 3485
10587 3495
10696 3505
10928 3515
10846 3525
10749 3535
10795 3545
16642 3555
20376 3565
20408 3575
20467 3585
20435 3595
20405 3605
11729 3615
11962 3625
12169 3635
12894 3645
13878 3655
13976 3665
13615 3675
13572 3685
13723 3695
13437 3705
13994 3715
13807 3725
13756 3735
13990 3745
14252 3755
14351 3765
14482 3775
14627 3785
14637 3795
14878 3805
14678 3815
14920 3825
15055 3835
15241 3845
15165 3855
15493 3865
14866 3875
15155 3885
15539 3895
15891 3905
15523 3915
15508 3925
15473 3935
15903 3945
15456 3955
15646 3965
15984 3975
16190 3985
15985 3995
15826 4005
16444 4015
16174 4025
16437 4035
16304 4045
16378 4055
16354 4065
16535 4075
16244 4085
16537 4095
16945 4105
17321 4115
16720 4125
17281 4135
17188 4145
17203 4155
16803 4165
17250 4175
17698 4185
17629 4195
17897 4205
17545 4215
18215 4225
17802 4235
18085 4245
18623 4255
18012 4265
17805 4275
18512 4285
18350 4295
18356 4305
18587 4315
18402 4325
18185 4335
18598 4345
17798 4355
18456 4365
18625 4375
18330 4385
18616 4395
19234 4405
18715 4415
19226 4425
31409 4435
31661 4445
32341 4455
32099 4465
32038 4475
31891 4485
31950 4495
32571 4505
31906 4515
33062 4525
32599 4535
32794 4545
33158 4555
33506 4565
33173 4575
33196 4585
32909 4595
34157 4605
34026 4615
34169 4625
33760 4635
34381 4645
34123 4655
34786 4665
34571 4675
35331 4685
35592 4695
35417 4705
35658 4715
35067 4725
35496 4735
36311 4745
35938 4755
36066 4765
36672 4775
36362 4785
36638 4795
36386 4805
36889 4815
37069 4825
37007 4835
37286 4845
37735 4855
37775 4865
37906 4875
38337 4885
38797 4895
38360 4905
38068 4915
38775 4925
38801 4935
38634 4945
39119 4955
39610 4965
39469 4975
40211 4985
40100 4995
39317 5005
39761 5015
40337 5025
41041 5035
40871 5045
40851 5055
40741 5065
41375 5075
41715 5085
41474 5095
42142 5105
41802 5115
41239 5125
41903 5135
42083 5145
43164 5155
42769 5165
43043 5175
43357 5185
43059 5195
43079 5205
43544 5215
43884 5225
43629 5235
45563 5245
44047 5255
43502 5265
45280 5275
45099 5285
44881 5295
45173 5305
45068 5315
45863 5325
45438 5335
45677 5345
45351 5355
45529 5365
46734 5375
46387 5385
46015 5395
46461 5405
46889 5415
47567 5425
47218 5435
48283 5445
48144 5455
47824 5465
48608 5475
48465 5485
47709 5495
49605 5505
47756 5515
49285 5525
48513 5535
48723 5545
49059 5555
49294 5565
49395 5575
49762 5585
50442 5595
50451 5605
50401 5615
50615 5625
49744 5635
51470 5645
50157 5655
51030 5665
50907 5675
52170 5685
51382 5695
52085 5705
52078 5715
51596 5725
52880 5735
52509 5745
52749 5755
52972 5765
53275 5775
53902 5785
53806 5795
54361 5805
54302 5815
54521 5825
53868 5835
54322 5845
53970 5855
54600 5865
53452 5875
55451 5885
55778 5895
55788 5905
55759 5915
55636 5925
56241 5935
56315 5945
55727 5955
55071 5965
56359 5975
56801 5985
57309 5995
57683 6005
57188 6015
56507 6025
58607 6035
58028 6045
58242 6055
58523 6065
59605 6075
58716 6085
59819 6095
59689 6105
31503 6115
34468 6125
36381 6135
37285 6145
37783 6155
38112 6165
38119 6175
37034 6185
37263 6195
36613 6205
38066 6215
37711 6225
37958 6235
37611 6245
37564 6255
38245 6265
39090 6275
39119 6285
38382 6295
38862 6305
38482 6315
38885 6325
39602 6335
39026 6345
39541 6355
39638 6365
39476 6375
40090 6385
40144 6395
39788 6405
39569 6415
40306 6425
39366 6435
40616 6445
40690 6455
39915 6465
54403 6475
66575 6485
67873 6495
67296 6505
68235 6515
67839 6525
67994 6535
67713 6545
68444 6555
69895 6565
70156 6575
68558 6585
68757 6595
69850 6605
68942 6615
70248 6625
69563 6635
70748 6645
70842 6655
70885 6665
70891 6675
71874 6685
70014 6695
71795 6705
71837 6715
71346 6725
72590 6735
71603 6745
71390 6755
71679 6765
73882 6775
74291 6785
74156 6795
74658 6805
75357 6815
74158 6825
74177 6835
75420 6845
75952 6855
75018 6865
76615 6875
75944 6885
76878 6895
75845 6905
76958 6915
77796 6925
78239 6935
77023 6945
78196 6955
78312 6965
78380 6975
79577 6985
79599 6995
80003 7005
79925 7015
77903 7025
45769 7035
42791 7045
43488 7055
42751 7065
42558 7075
42580 7085
41933 7095
42642 7105
51033 7115
51358 7125
51919 7135
51168 7145
51250 7155
49505 7165
50178 7175
50178 7185
51029 7195
50493 7205
50261 7215
49762 7225
49638 7235
50332 7245
50483 7255
52382 7265
51759 7275
50710 7285
50966 7295
51130 7305
51490 7315
51854 7325
52385 7335
52292 7345
52272 7355
52397 7365
52396 7375
52543 7385
52368 7395
52139 7405
52876 7415
51360 7425
51852 7435
53247 7445
52489 7455
51823 7465
51455 7475
54000 7485
54492 7495
54201 7505
53288 7515
54808 7525
54130 7535
56021 7545
55606 7555
55182 7565
55929 7575
58713 7585
57521 7595
54985 7605
55862 7615
56010 7625
55611 7635
55042 7645
54932 7655
54570 7665
55311 7675
56920 7685
56492 7695
56200 7705
57161 7715
57405 7725
57488 7735
57477 7745
57263 7755
57544 7765
57665 7775
58254 7785
58665 7795
58725 7805
57403 7815
58968 7825
59367 7835
59134 7845
58955 7855
58610 7865
59360 7875
58962 7885
59710 7895
59655 7905
59934 7915
60392 7925
59853 7935
60414 7945
60161 7955
102022 7965
64161 7975
61473 7985
64079 7995
64051 8005
64579 8015
64312 8025
63663 8035
65189 8045
65580 8055
65987 8065
65542 8075
63309 8085
61843 8095
62559 8105
62927 8115
61815 8125
62212 8135
63411 8145
63021 8155
62912 8165
64177 8175
62811 8185
61975 8195
64121 8205
64780 8215
60126 8225
77584 8235
109974 8245
107656 8255
108333 8265
108882 8275
107420 8285
107762 8295
66289 8305
66954 8315
67385 8325
68608 8335
66477 8345
67604 8355
67284 8365
67250 8375
67516 8385
69034 8395
66425 8405
61908 8415
68830 8425
67978 8435
69512 8445
69633 8455
69314 8465
69504 8475
100470 8485
115421 8495
114940 8505
116071 8515
113824 8525
115579 8535
116656 8545
116020 8555
115920 8565
116889 8575
116331 8585
116278 8595
118114 8605
117555 8615
116978 8625
118666 8635
118401 8645
118266 8655
119498 8665
119507 8675
120739 8685
66632 8695
73782 8705
117025 8715
67989 8725
67403 8735
70644 8745
68931 8755
69518 8765
68992 8775
68799 8785
70116 8795
67314 8805
68275 8815
67765 8825
67295 8835
67236 8845
67499 8855
68097 8865
67192 8875
115593 8885
125520 8895
127328 8905
76632 8915
80123 8925
80374 8935
80323 8945
81310 8955
73530 8965
68443 8975
79608 8985
83309 8995
82655 9005
82126 9015
82331 9025
81714 9035
82091 9045
83322 9055
81923 9065
83292 9075
83273 9085
84005 9095
83394 9105
82541 9115
84167 9125
82918 9135
83956 9145
84646 9155
84910 9165
84835 9175
83872 9185
84015 9195
80681 9205
80852 9215
81879 9225
82669 9235
82419 9245
83249 9255
82282 9265
82543 9275
83414 9285
82849 9295
83760 9305
83283 9315
83208 9325
82997 9335
84988 9345
83590 9355
84798 9365
85216 9375
84568 9385
85036 9395
85255 9405
86109 9415
86304 9425
85846 9435
84880 9445
85340 9455
86195 9465
86632 9475
85879 9485
86354 9495
86402 9505
87261 9515
86266 9525
86173 9535
87896 9545
87542 9555
87410 9565
88100 9575
88520 9585
89517 9595
87037 9605
88747 9615
87686 9625
89194 9635
90292 9645
89259 9655
88888 9665
91067 9675
90131 9685
90356 9695
90056 9705
89927 9715
91049 9725
90852 9735
92116 9745
90943 9755
91183 9765
90664 9775
92517 9785
92382 9795
93243 9805
92948 9815
93068 9825
93022 9835
93240 9845
93917 9855
93317 9865
93738 9875
91974 9885
93561 9895
93406 9905
94486 9915
94225 9925
96197 9935
94300 9945
95243 9955
95084 9965
148631 9975
159400 9985
96107 9995
