2 1
2 6
3 11
3 16
3 21
4 26
5 31
5 36
6 41
6 46
7 51
8 56
8 61
9 66
10 71
10 76
12 81
12 86
13 91
14 96
15 101
15 106
15 111
17 116
18 121
18 126
19 131
20 136
20 141
22 146
23 151
25 156
23 161
25 166
26 171
27 176
29 181
30 186
30 191
31 196
32 201
33 206
32 211
34 216
35 221
36 226
38 231
37 236
38 241
39 246
40 251
39 256
42 261
44 266
44 271
49 276
46 281
47 286
49 291
50 296
49 301
51 306
50 311
53 316
53 321
56 326
55 331
57 336
58 341
59 346
60 351
60 356
60 361
62 366
65 371
87 376
65 381
64 386
67 391
68 396
69 401
73 406
72 411
70 416
75 421
74 426
81 431
76 436
75 441
46 446
46 451
47 456
47 461
48 466
47 471
50 476
52 481
50 486
52 491
51 496
54 501
52 506
53 511
53 516
53 521
54 526
55 531
57 536
49 541
48 546
51 551
48 556
49 561
51 566
50 571
51 576
53 581
49 586
51 591
53 596
52 601
54 606
55 611
55 616
57 621
60 626
57 631
60 636
62 641
59 646
58 651
60 656
60 661
61 666
59 671
62 676
62 681
62 686
63 691
63 696
1272 700
64 701
64 706
63 711
65 716
67 721
68 726
69 731
68 736
68 741
67 746
