7 1
3 6
4 11
5 16
7 21
7 26
9 31
11 36
12 41
13 46
14 51
15 56
17 61
17 66
19 71
21 76
23 81
24 86
24 91
27 96
28 101
30 106
31 111
32 116
34 121
35 126
36 131
39 136
40 141
41 146
43 151
44 156
45 161
48 166
47 171
49 176
51 181
53 186
55 191
56 196
59 201
59 206
60 211
63 216
65 221
70 226
68 231
69 236
81 241
74 246
75 251
75 256
95 261
94 266
114 271
116 276
118 281
121 286
120 291
116 296
420 301
120 306
122 311
110 316
98 321
100 326
101 331
101 336
107 341
113 346
113 351
123 356
114 361
113 366
114 371
113 376
120 381
118 386
119 391
121 396
123 401
125 406
129 411
129 416
129 421
134 426
135 431
172 436
139 441
139 446
141 451
140 456
144 461
145 466
148 471
149 476
149 481
153 486
156 491
158 496
160 501
160 506
163 511
166 516
164 521
165 526
174 531
172 536
173 541
173 546
178 551
178 556
179 561
185 566
183 571
185 576
188 581
189 586
188 591
190 596
195 601
211 606
199 611
201 616
204 621
203 626
206 631
206 636
206 641
211 646
213 651
210 656
214 661
219 666
221 671
235 676
224 681
223 686
222 691
227 696
231 701
231 706
232 711
237 716
238 721
240 726
243 731
247 736
250 741
254 746
247 751
252 756
253 761
251 766
252 771
212 776
214 781
212 786
217 791
219 796
230 801
222 806
223 811
223 816
231 821
226 826
230 831
233 836
232 841
233 846
236 851
235 856
245 861
237 866
241 871
243 876
245 881
247 886
246 891
250 896
249 901
254 906
256 911
258 916
256 921
258 926
261 931
260 936
262 941
264 946
264 951
271 956
267 961
269 966
270 971
280 976
275 981
279 986
279 991
281 996
284 1001
286 1006
287 1011
286 1016
289 1021
288 1026
293 1031
297 1036
296 1041
297 1046
300 1051
298 1056
304 1061
304 1066
305 1071
307 1076
309 1081
307 1086
312 1091
310 1096
317 1101
312 1106
315 1111
319 1116
321 1121
325 1126
321 1131
323 1136
328 1141
327 1146
329 1151
331 1156
332 1161
335 1166
338 1171
335 1176
339 1181
341 1186
342 1191
346 1196
346 1201
350 1206
360 1211
348 1216
352 1221
355 1226
355 1231
356 1236
356 1241
361 1246
363 1251
367 1256
362 1261
366 1266
366 1271
369 1276
372 1281
373 1286
376 1291
377 1296
374 1301
382 1306
380 1311
382 1316
408 1321
386 1326
390 1331
384 1336
389 1341
389 1346
391 1351
395 1356
397 1361
400 1366
397 1371
401 1376
401 1381
406 1386
410 1391
409 1396
413 1401
415 1406
414 1411
411 1416
417 1421
418 1426
420 1431
420 1436
424 1441
428 1446
426 1451
425 1456
433 1461
429 1466
431 1471
435 1476
433 1481
435 1486
437 1491
438 1496
442 1501
442 1506
446 1511
448 1516
452 1521
454 1526
450 1531
454 1536
453 1541
460 1546
459 1551
458 1556
459 1561
465 1566
465 1571
462 1576
472 1581
473 1586
473 1591
473 1596
471 1601
482 1606
479 1611
480 1616
481 1621
484 1626
495 1631
493 1636
489 1641
495 1646
491 1651
496 1656
495 1661
500 1666
495 1671
503 1676
503 1681
503 1686
507 1691
508 1696
503 1701
507 1706
511 1711
514 1716
514 1721
516 1726
517 1731
522 1736
522 1741
520 1746
523 1751
530 1756
527 1761
527 1766
526 1771
539 1776
537 1781
538 1786
536 1791
541 1796
543 1801
543 1806
547 1811
544 1816
546 1821
547 1826
548 1831
557 1836
549 1841
559 1846
559 1851
558 1856
573 1861
565 1866
563 1871
562 1876
566 1881
574 1886
569 1891
570 1896
573 1901
575 1906
582 1911
581 1916
580 1921
581 1926
586 1931
586 1936
585 1941
593 1946
592 1951
591 1956
595 1961
596 1966
600 1971
605 1976
595 1981
605 1986
608 1991
605 1996
607 2001
607 2006
613 2011
623 2016
614 2021
615 2026
617 2031
631 2036
622 2041
621 2046
623 2051
622 2056
633 2061
627 2066
627 2071
629 2076
636 2081
634 2086
632 2091
642 2096
643 2101
643 2106
644 2111
647 2116
652 2121
641 2126
657 2131
656 2136
656 2141
662 2146
661 2151
659 2156
657 2161
660 2166
662 2171
670 2176
664 2181
672 2186
673 2191
676 2196
679 2201
673 2206
677 2211
681 2216
677 2221
680 2226
682 2231
692 2236
697 2241
693 2246
690 2251
696 2256
699 2261
696 2266
699 2271
699 2276
703 2281
704 2286
705 2291
705 2296
707 2301
716 2306
717 2311
715 2316
712 2321
717 2326
713 2331
722 2336
723 2341
748 2346
723 2351
725 2356
732 2361
728 2366
737 2371
733 2376
734 2381
739 2386
740 2391
738 2396
744 2401
746 2406
741 2411
749 2416
746 2421
756 2426
751 2431
751 2436
759 2441
768 2446
753 2451
760 2456
766 2461
767 2466
763 2471
770 2476
769 2481
776 2486
775 2491
776 2496
777 2501
779 2506
779 2511
783 2516
790 2521
783 2526
786 2531
793 2536
793 2541
791 2546
793 2551
800 2556
805 2561
791 2566
800 2571
797 2576
798 2581
810 2586
807 2591
820 2596
812 2601
813 2606
810 2611
818 2616
814 2621
819 2626
819 2631
823 2636
819 2641
825 2646
836 2651
851 2656
831 2661
833 2666
842 2671
840 2676
843 2681
839 2686
838 2691
844 2696
845 2701
855 2706
854 2711
850 2716
857 2721
863 2726
854 2731
861 2736
859 2741
858 2746
862 2751
867 2756
873 2761
867 2766
869 2771
867 2776
875 2781
875 2786
877 2791
878 2796
877 2801
893 2806
880 2811
881 2816
884 2821
901 2826
884 2831
888 2836
889 2841
894 2846
900 2851
904 2856
896 2861
896 2866
898 2871
910 2876
910 2881
916 2886
915 2891
911 2896
919 2901
917 2906
920 2911
918 2916
914 2921
918 2926
921 2931
931 2936
931 2941
942 2946
930 2951
936 2956
933 2961
937 2966
955 2971
941 2976
945 2981
949 2986
946 2991
941 2996
951 3001
955 3006
950 3011
956 3016
955 3021
954 3026
964 3031
958 3036
957 3041
962 3046
972 3051
971 3056
974 3061
972 3066
992 3071
980 3076
980 3081
979 3086
982 3091
983 3096
990 3101
990 3106
984 3111
994 3116
990 3121
1007 3126
992 3131
1000 3136
996 3141
993 3146
1000 3151
1000 3156
1001 3161
1004 3166
1015 3171
1015 3176
1006 3181
1008 3186
1016 3191
1014 3196
1022 3201
1019 3206
1023 3211
1039 3216
1025 3221
1028 3226
1020 3231
1032 3236
1041 3241
1026 3246
1029 3251
1038 3256
1043 3261
1040 3266
1043 3271
1046 3276
1046 3281
1058 3286
1048 3291
1054 3296
1058 3301
1051 3306
1055 3311
1061 3316
1059 3321
1061 3326
1059 3331
1062 3336
1078 3341
1065 3346
1079 3351
1077 3356
1072 3361
1074 3366
1085 3371
1077 3376
1077 3381
1081 3386
1088 3391
1091 3396
1080 3401
1086 3406
1093 3411
1091 3416
1091 3421
1094 3426
1102 3431
1098 3436
1096 3441
1102 3446
1114 3451
1106 3456
1104 3461
1120 3466
1108 3471
1111 3476
1115 3481
1113 3486
1129 3491
1122 3496
1120 3501
1122 3506
1125 3511
1126 3516
1128 3521
1120 3526
1155 3531
1137 3536
1140 3541
1160 3546
1139 3551
1142 3556
1141 3561
1143 3566
1142 3571
1150 3576
1149 3581
1151 3586
1159 3591
1161 3596
1157 3601
1159 3606
1184 3611
1168 3616
1167 3621
1166 3626
1174 3631
1168 3636
1170 3641
1177 3646
1168 3651
1179 3656
1179 3661
1178 3666
1180 3671
1200 3676
1183 3681
1189 3686
1186 3691
1191 3696
1191 3701
1191 3706
1196 3711
1203 3716
1199 3721
1195 3726
1198 3731
1233 3736
1205 3741
1203 3746
1216 3751
1216 3756
1220 3761
1226 3766
1223 3771
1217 3776
1227 3781
1225 3786
1224 3791
1242 3796
1231 3801
1223 3806
1242 3811
1229 3816
1239 3821
1235 3826
1243 3831
1232 3836
1235 3841
1239 3846
1245 3851
1245 3856
1273 3861
1249 3866
1246 3871
1259 3876
1252 3881
1252 3886
1262 3891
1264 3896
1288 3901
1259 3906
1274 3911
1301 3916
1265 3921
1271 3926
1286 3931
1273 3936
1277 3941
1268 3946
1295 3951
1290 3956
1284 3961
1289 3966
1293 3971
1318 3976
1289 3981
1287 3986
1287 3991
1302 3996
1285 4001
1292 4006
1308 4011
1306 4016
1303 4021
1300 4026
1332 4031
1311 4036
1324 4041
1315 4046
1309 4051
1318 4056
1310 4061
1311 4066
1327 4071
1325 4076
1321 4081
1327 4086
1344 4091
1331 4096
1328 4101
1345 4106
1330 4111
1337 4116
1343 4121
1352 4126
1346 4131
1368 4136
1349 4141
1352 4146
1341 4151
1361 4156
1344 4161
1459 4166
1375 4171
1359 4176
1362 4181
1369 4186
1366 4191
1366 4196
1398 4201
1371 4206
1383 4211
1370 4216
1375 4221
1375 4226
1381 4231
1375 4236
1378 4241
1383 4246
1412 4251
1385 4256
1391 4261
1394 4266
1381 4271
1403 4276
1396 4281
1429 4286
1407 4291
1423 4296
1397 4301
1421 4306
1407 4311
1416 4316
1405 4321
1414 4326
1410 4331
1423 4336
1420 4341
1412 4346
1424 4351
1425 4356
1435 4361
1429 4366
1428 4371
1428 4376
1429 4381
1424 4386
1438 4391
1431 4396
1428 4401
1429 4406
1461 4411
1445 4416
1439 4421
1443 4426
1450 4431
1450 4436
1449 4441
1454 4446
1454 4451
1459 4456
1454 4461
1480 4466
1465 4471
1465 4476
1474 4481
1467 4486
1468 4491
1470 4496
1466 4501
1474 4506
1486 4511
1477 4516
1478 4521
1483 4526
1486 4531
1486 4536
1480 4541
1487 4546
1488 4551
1500 4556
1513 4561
1515 4566
1501 4571
1499 4576
1504 4581
1505 4586
1513 4591
1509 4596
1508 4601
1517 4606
1546 4611
1514 4616
1522 4621
1518 4626
1519 4631
1519 4636
1528 4641
1521 4646
1509 4651
1536 4656
1551 4661
1533 4666
1538 4671
1542 4676
1542 4681
1539 4686
1549 4691
1543 4696
1543 4701
1542 4706
1569 4711
1565 4716
1555 4721
1554 4726
1564 4731
1559 4736
1561 4741
1561 4746
1575 4751
1566 4756
1561 4761
1564 4766
1567 4771
1574 4776
1567 4781
1576 4786
1578 4791
1573 4796
1576 4801
1604 4806
1582 4811
1588 4816
1601 4821
1592 4826
1588 4831
1602 4836
1590 4841
1594 4846
1617 4851
1593 4856
1622 4861
1606 4866
1609 4871
1608 4876
1618 4881
1616 4886
1622 4891
1609 4896
1656 4901
1612 4906
1615 4911
1622 4916
1632 4921
1635 4926
1638 4931
1644 4936
1637 4941
1663 4946
1634 4951
1636 4956
1644 4961
1640 4966
1635 4971
1638 4976
1659 4981
1662 4986
1668 4991
1641 4996
1652 5001
1654 5006
1686 5011
1663 5016
1654 5021
1666 5026
1657 5031
1695 5036
1658 5041
1669 5046
1670 5051
1670 5056
1687 5061
1665 5066
1686 5071
1685 5076
1692 5081
1689 5086
1674 5091
1682 5096
1686 5101
1686 5106
1689 5111
1682 5116
1700 5121
1698 5126
1699 5131
1700 5136
1701 5141
1706 5146
1700 5151
1800 5156
1728 5161
1725 5166
1703 5171
1713 5176
1715 5181
1728 5186
1716 5191
1720 5196
1712 5201
1722 5206
1737 5211
1719 5216
1746 5221
1726 5226
1733 5231
1723 5236
1731 5241
1738 5246
1733 5251
1773 5256
1732 5261
1749 5266
1749 5271
1748 5276
1749 5281
1758 5286
1761 5291
1781 5296
1759 5301
1752 5306
1757 5311
1758 5316
1763 5321
1771 5326
1787 5331
1766 5336
1803 5341
1766 5346
1768 5351
1783 5356
1774 5361
1782 5366
1796 5371
1784 5376
1829 5381
1826 5386
1786 5391
1793 5396
1791 5401
1793 5406
1814 5411
1825 5416
1839 5421
1804 5426
1801 5431
1804 5436
1805 5441
1808 5446
1839 5451
1826 5456
1828 5461
1838 5466
1834 5471
1820 5476
1831 5481
1822 5486
1814 5491
1847 5496
1824 5501
1851 5506
1836 5511
1819 5516
1821 5521
1829 5526
1833 5531
1850 5536
1839 5541
1851 5546
1841 5551
1838 5556
1852 5561
1855 5566
1860 5571
1890 5576
1872 5581
1873 5586
1861 5591
1885 5596
1870 5601
1857 5606
1875 5611
1867 5616
1860 5621
1904 5626
1883 5631
1869 5636
1866 5641
1875 5646
1887 5651
1915 5656
1881 5661
1921 5666
1895 5671
1885 5676
1892 5681
1886 5686
1905 5691
1901 5696
1901 5701
1911 5706
1898 5711
1896 5716
1931 5721
1906 5726
1911 5731
1936 5736
1902 5741
1922 5746
1912 5751
1904 5756
1913 5761
1919 5766
1927 5771
1926 5776
1959 5781
1936 5786
1953 5791
1935 5796
1936 5801
1950 5806
1954 5811
1931 5816
1955 5821
1935 5826
1938 5831
1954 5836
1944 5841
1948 5846
1952 5851
1946 5856
1961 5861
1955 5866
1946 5871
1989 5876
1970 5881
1975 5886
1971 5891
1989 5896
1974 5901
1976 5906
1986 5911
1978 5916
1982 5921
1991 5926
1980 5931
1995 5936
1976 5941
2008 5946
1996 5951
1992 5956
2013 5961
1995 5966
2011 5971
1989 5976
1997 5981
2000 5986
2008 5991
1994 5996
2009 6001
2004 6006
2042 6011
2010 6016
2023 6021
2017 6026
2025 6031
2081 6036
2039 6041
2038 6046
2021 6051
2027 6056
2058 6061
2025 6066
2037 6071
2054 6076
2036 6081
2051 6086
2037 6091
2042 6096
2042 6101
2062 6106
2043 6111
2033 6116
2071 6121
2065 6126
2057 6131
2061 6136
2062 6141
2045 6146
2084 6151
2083 6156
2058 6161
2066 6166
2073 6171
2067 6176
2095 6181
2064 6186
2083 6191
2070 6196
2081 6201
2076 6206
2088 6211
2091 6216
2076 6221
2087 6226
2103 6231
2078 6236
2094 6241
2085 6246
2116 6251
2091 6256
2095 6261
2124 6266
2122 6271
2118 6276
2113 6281
2094 6286
2116 6291
2115 6296
2144 6301
2121 6306
2112 6311
2124 6316
2135 6321
2114 6326
2108 6331
2164 6336
2125 6341
2114 6346
2120 6351
2135 6356
2135 6361
2126 6366
2171 6371
2151 6376
2149 6381
2149 6386
2182 6391
2151 6396
2163 6401
2175 6406
2151 6411
2150 6416
2157 6421
2155 6426
2168 6431
2151 6436
2216 6441
2169 6446
2163 6451
2169 6456
2194 6461
2203 6466
2182 6471
2188 6476
2183 6481
2177 6486
2186 6491
2165 6496
2184 6501
2200 6506
2176 6511
2177 6516
2194 6521
2211 6526
2199 6531
2192 6536
2210 6541
2196 6546
2199 6551
2205 6556
2195 6561
2213 6566
2218 6571
2218 6576
2242 6581
2229 6586
2232 6591
2233 6596
2225 6601
2229 6606
2251 6611
2221 6616
2227 6621
2230 6626
2233 6631
2248 6636
2238 6641
2246 6646
2257 6651
2362 6656
2294 6661
2224 6666
2276 6671
2438 6676
2615 6681
2608 6686
2609 6691
2259 6696
2273 6701
2347 6706
2328 6711
2333 6716
2264 6721
2270 6726
2259 6731
2283 6736
2260 6741
2266 6746
2275 6751
2255 6756
2269 6761
2289 6766
2316 6771
2285 6776
2285 6781
2281 6786
2277 6791
2286 6796
2280 6801
2289 6806
2298 6811
2301 6816
2305 6821
2302 6826
2310 6831
2324 6836
2324 6841
2311 6846
2294 6851
2344 6856
2314 6861
2322 6866
2338 6871
2312 6876
2325 6881
2326 6886
2321 6891
2321 6896
2360 6901
2336 6906
2315 6911
2338 6916
2329 6921
2332 6926
2332 6931
2344 6936
2323 6941
2331 6946
2355 6951
2334 6956
2343 6961
2369 6966
2347 6971
2339 6976
2332 6981
2350 6986
2341 6991
2364 6996
2366 7001
2348 7006
2359 7011
2361 7016
2370 7021
2366 7026
2372 7031
2384 7036
2378 7041
2382 7046
2385 7051
2378 7056
2411 7061
2384 7066
2379 7071
2391 7076
2378 7081
2463 7086
2431 7091
2398 7096
2400 7101
2418 7106
2437 7111
2393 7116
2436 7121
2408 7126
2413 7131
2413 7136
2400 7141
2407 7146
2410 7151
2438 7156
2421 7161
2414 7166
2419 7171
2427 7176
2414 7181
2473 7186
2451 7191
2420 7196
2443 7201
2460 7206
2438 7211
2488 7216
2454 7221
2448 7226
2445 7231
2433 7236
2455 7241
2479 7246
2492 7251
2445 7256
2439 7261
2454 7266
2458 7271
2483 7276
2463 7281
2470 7286
2473 7291
2554 7296
2530 7301
2659 7306
2478 7311
2476 7316
2465 7321
2508 7326
2470 7331
2500 7336
2503 7341
2501 7346
2487 7351
2478 7356
2481 7361
2501 7366
2489 7371
2489 7376
2472 7381
2515 7386
2506 7391
2520 7396
2508 7401
2503 7406
2500 7411
2506 7416
2519 7421
2517 7426
2542 7431
2511 7436
2513 7441
2511 7446
2514 7451
2549 7456
2616 7461
2531 7466
2532 7471
2537 7476
2529 7481
2579 7486
2538 7491
2532 7496
2529 7501
2545 7506
2534 7511
2578 7516
2549 7521
2557 7526
2552 7531
2551 7536
2553 7541
2573 7546
2551 7551
2550 7556
2586 7561
2571 7566
2578 7571
2557 7576
2566 7581
2568 7586
2575 7591
2573 7596
2595 7601
2590 7606
2573 7611
2567 7616
2596 7621
2577 7626
2603 7631
2587 7636
2601 7641
2600 7646
2614 7651
2588 7656
2614 7661
2581 7666
2602 7671
2606 7676
2590 7681
2589 7686
2641 7691
2619 7696
2598 7701
2603 7706
2617 7711
2650 7716
2626 7721
2613 7726
2618 7731
2642 7736
2614 7741
2637 7746
2641 7751
2633 7756
2619 7761
2635 7766
2623 7771
2667 7776
2646 7781
2633 7786
2646 7791
2616 7796
2657 7801
2631 7806
2643 7811
2674 7816
2683 7821
2650 7826
2680 7831
2641 7836
2662 7841
2658 7846
2657 7851
2669 7856
2701 7861
2676 7866
2652 7871
2662 7876
2664 7881
2691 7886
2676 7891
2679 7896
2686 7901
2705 7906
2690 7911
2713 7916
2695 7921
2699 7926
2695 7931
2693 7936
2693 7941
2722 7946
2698 7951
2700 7956
2694 7961
2694 7966
2736 7971
2704 7976
2694 7981
2736 7986
2696 7991
2690 7996
2723 8001
2710 8006
2710 8011
2714 8016
2727 8021
2742 8026
2753 8031
2740 8036
2714 8041
2729 8046
2727 8051
2734 8056
2747 8061
2749 8066
2763 8071
2735 8076
2768 8081
2745 8086
2753 8091
2760 8096
2768 8101
2771 8106
2790 8111
2753 8116
2773 8121
2791 8126
2748 8131
2779 8136
2784 8141
2773 8146
2794 8151
2765 8156
2812 8161
2760 8166
2784 8171
2783 8176
2785 8181
2773 8186
2823 8191
2790 8196
2798 8201
2798 8206
2794 8211
2817 8216
2823 8221
2923 8226
2929 8231
2843 8236
2861 8241
2841 8246
2804 8251
2824 8256
2860 8261
2861 8266
2897 8271
2830 8276
2849 8281
2838 8286
2824 8291
2817 8296
2821 8301
2819 8306
2865 8311
2820 8316
2841 8321
2824 8326
2822 8331
2817 8336
2835 8341
2889 8346
2871 8351
2853 8356
2844 8361
2853 8366
2899 8371
2863 8376
2857 8381
2844 8386
2908 8391
2860 8396
2885 8401
2866 8406
2911 8411
2866 8416
2864 8421
2901 8426
2883 8431
2902 8436
2878 8441
2881 8446
2887 8451
2925 8456
2903 8461
2909 8466
2872 8471
2903 8476
2909 8481
2883 8486
2893 8491
2908 8496
2909 8501
2973 8506
2897 8511
2887 8516
2893 8521
2909 8526
2938 8531
2899 8536
2893 8541
2915 8546
2907 8551
2935 8556
2904 8561
2905 8566
2908 8571
2934 8576
2977 8581
2928 8586
2909 8591
2936 8596
2932 8601
2961 8606
2968 8611
3062 8616
3003 8621
2932 8626
2959 8631
2929 8636
2932 8641
2926 8646
2935 8651
2990 8656
2979 8661
2998 8666
3022 8671
3006 8676
3035 8681
2960 8686
2966 8691
2979 8696
2962 8701
3010 8706
2976 8711
2979 8716
2969 8721
3014 8726
3005 8731
3014 8736
2970 8741
2986 8746
2978 8751
3023 8756
3011 8761
3007 8766
3019 8771
2984 8776
2986 8781
2992 8786
2987 8791
2983 8796
2995 8801
3078 8806
3026 8811
3000 8816
2991 8821
3030 8826
3024 8831
3013 8836
3041 8841
3074 8846
3040 8851
3053 8856
3023 8861
3023 8866
3047 8871
3031 8876
3047 8881
3055 8886
2996 8891
3059 8896
3031 8901
3098 8906
3023 8911
3030 8916
3060 8921
3062 8926
3106 8931
3152 8936
3330 8941
3053 8946
3081 8951
3143 8956
3042 8961
3052 8966
3059 8971
3050 8976
3099 8981
3066 8986
3087 8991
3068 8996
3144 9001
3060 9006
3078 9011
3080 9016
3109 9021
3155 9026
3089 9031
3063 9036
3082 9041
3065 9046
3155 9051
3118 9056
3086 9061
3145 9066
3084 9071
3153 9076
3092 9081
3108 9086
3103 9091
3110 9096
3178 9101
3094 9106
3109 9111
3105 9116
3117 9121
3105 9126
3118 9131
3164 9136
3111 9141
3151 9146
3119 9151
3137 9156
3140 9161
3152 9166
3201 9171
3144 9176
3138 9181
3135 9186
3146 9191
3201 9196
3137 9201
3142 9206
3153 9211
3138 9216
3153 9221
3146 9226
3142 9231
3157 9236
3205 9241
3195 9246
3171 9251
3168 9256
3185 9261
3219 9266
3164 9271
3183 9276
3222 9281
3167 9286
3208 9291
3157 9296
3158 9301
3181 9306
3194 9311
3231 9316
3188 9321
3195 9326
3208 9331
3253 9336
3181 9341
3178 9346
3233 9351
3201 9356
3233 9361
3224 9366
3185 9371
3208 9376
3246 9381
3258 9386
3220 9391
3203 9396
3217 9401
3260 9406
3240 9411
3212 9416
3274 9421
3275 9426
3264 9431
3218 9436
3225 9441
3225 9446
3318 9451
3268 9456
3244 9461
3235 9466
3267 9471
3271 9476
3255 9481
3247 9486
3276 9491
3245 9496
3252 9501
3249 9506
3248 9511
3264 9516
3328 9521
3265 9526
3251 9531
3267 9536
3248 9541
3300 9546
3273 9551
3294 9556
3305 9561
3295 9566
3277 9571
3296 9576
3252 9581
3269 9586
3351 9591
3281 9596
3271 9601
3324 9606
3271 9611
3312 9616
3287 9621
3320 9626
3279 9631
3324 9636
3289 9641
3282 9646
3325 9651
3323 9656
3414 9661
3315 9666
3300 9671
3318 9676
3336 9681
3312 9686
3319 9691
3365 9696
3332 9701
3319 9706
3310 9711
3311 9716
3366 9721
3400 9726
3350 9731
3327 9736
3373 9741
3359 9746
3317 9751
3342 9756
3361 9761
3315 9766
3379 9771
3336 9776
3359 9781
3368 9786
3377 9791
3413 9796
3347 9801
3362 9806
3368 9811
3406 9816
3390 9821
3387 9826
3394 9831
3388 9836
3370 9841
3413 9846
3374 9851
3374 9856
3467 9861
3364 9866
3393 9871
3404 9876
3403 9881
3415 9886
3361 9891
3470 9896
3411 9901
3427 9906
3383 9911
3423 9916
3456 9921
3479 9926
3394 9931
3414 9936
3416 9941
3448 9946
3391 9951
3398 9956
3431 9961
3467 9966
3459 9971
3432 9976
3445 9981
3439 9986
3490 9991
3440 9996
