7 1
3 6
4 11
5 16
7 21
8 26
9 31
11 36
13 41
13 46
16 51
18 56
18 61
19 66
21 71
22 76
24 81
26 86
27 91
29 96
30 101
33 106
36 111
34 116
38 121
38 126
39 131
44 136
43 141
45 146
48 151
48 156
49 161
53 166
53 171
54 176
56 181
58 186
62 191
63 196
64 201
64 206
69 211
70 216
70 221
75 226
74 231
77 236
79 241
77 246
82 251
82 256
84 261
89 266
90 271
89 276
86 281
94 286
96 291
100 296
100 301
107 306
105 311
109 316
110 321
108 326
110 331
120 336
122 341
123 346
122 351
125 356
126 361
125 366
126 371
126 376
128 381
136 386
135 391
133 396
137 401
140 406
142 411
142 416
163 421
147 426
149 431
150 436
152 441
158 446
160 451
162 456
166 461
166 466
167 471
173 476
170 481
174 486
181 491
181 496
188 501
182 506
181 511
179 516
183 521
185 526
188 531
190 536
191 541
197 546
197 551
197 556
200 561
200 566
201 571
209 576
205 581
209 586
210 591
216 596
215 601
216 606
254 611
222 616
224 621
223 626
226 631
235 636
239 641
236 646
233 651
235 656
239 661
240 666
244 671
242 676
251 681
251 686
256 691
255 696
257 701
266 706
257 711
264 716
262 721
268 726
268 731
272 736
271 741
284 746
274 751
280 756
279 761
277 766
286 771
284 776
293 781
288 786
290 791
291 796
289 801
303 806
297 811
301 816
304 821
300 826
307 831
309 836
309 841
312 846
318 851
321 856
322 861
325 866
325 871
325 876
326 881
329 886
331 891
336 896
334 901
341 906
340 911
348 916
346 921
349 926
352 931
351 936
363 941
366 946
363 951
354 956
362 961
360 966
362 971
363 976
373 981
377 986
371 991
373 996
376 1001
379 1006
377 1011
386 1016
387 1021
383 1026
386 1031
391 1036
395 1041
395 1046
396 1051
405 1056
404 1061
411 1066
404 1071
401 1076
405 1081
410 1086
415 1091
423 1096
417 1101
420 1106
419 1111
422 1116
426 1121
422 1126
423 1131
429 1136
428 1141
438 1146
442 1151
444 1156
441 1161
438 1166
434 1171
443 1176
449 1181
449 1186
456 1191
458 1196
456 1201
456 1206
461 1211
462 1216
465 1221
474 1226
468 1231
477 1236
470 1241
477 1246
477 1251
477 1256
487 1261
494 1266
487 1271
493 1276
496 1281
489 1286
492 1291
492 1296
498 1301
504 1306
501 1311
496 1316
513 1321
508 1326
503 1331
507 1336
521 1341
543 1346
516 1351
520 1356
524 1361
524 1366
532 1371
540 1376
535 1381
540 1386
542 1391
543 1396
564 1401
582 1406
535 1411
548 1416
559 1421
555 1426
556 1431
560 1436
560 1441
565 1446
566 1451
574 1456
590 1461
574 1466
571 1471
588 1476
582 1481
578 1486
578 1491
586 1496
583 1501
603 1506
592 1511
596 1516
600 1521
609 1526
597 1531
603 1536
606 1541
603 1546
607 1551
616 1556
617 1561
625 1566
620 1571
622 1576
636 1581
607 1586
628 1591
630 1596
610 1601
480 1606
481 1611
482 1616
503 1621
484 1626
514 1631
488 1636
491 1641
492 1646
494 1651
493 1656
495 1661
501 1666
500 1671
501 1676
517 1681
506 1686
510 1691
506 1696
515 1701
508 1706
510 1711
517 1716
524 1721
524 1726
517 1731
518 1736
524 1741
525 1746
523 1751
525 1756
526 1761
528 1766
547 1771
541 1776
531 1781
532 1786
544 1791
540 1796
540 1801
552 1806
546 1811
551 1816
556 1821
551 1826
564 1831
549 1836
557 1841
555 1846
561 1851
570 1856
561 1861
564 1866
565 1871
567 1876
590 1881
577 1886
571 1891
573 1896
596 1901
584 1906
577 1911
579 1916
581 1921
584 1926
586 1931
592 1936
594 1941
592 1946
594 1951
595 1956
597 1961
598 1966
601 1971
593 1976
606 1981
605 1986
605 1991
610 1996
