1 1
0 6
0 11
1 16
1 21
2 26
3 31
3 36
3 41
4 46
3 51
5 56
6 61
5 66
7 71
8 76
9 81
9 86
11 91
12 96
14 101
15 106
15 111
17 116
20 121
19 126
22 131
24 136
27 141
20 146
20 151
25 156
24 161
24 166
28 171
29 176
30 181
31 186
34 191
35 196
36 201
39 206
38 211
42 216
43 221
49 226
50 231
52 236
56 241
57 246
58 251
58 256
63 261
62 266
66 271
68 276
71 281
71 286
76 291
87 296
87 301
96 306
96 311
108 316
83 321
86 326
101 331
112 336
111 341
116 346
120 351
125 356
129 361
131 366
133 371
128 376
153 381
171 386
170 391
174 396
140 401
144 406
154 411
147 416
152 421
158 426
165 431
168 436
185 441
191 446
204 451
204 456
221 461
207 466
214 471
222 476
227 481
225 486
249 491
243 496
252 501
275 506
303 511
259 516
258 521
268 526
271 531
305 536
332 541
288 546
302 551
305 556
302 561
325 566
320 571
316 576
308 581
346 586
342 591
347 596
381 601
343 606
333 611
361 616
390 621
370 626
375 631
383 636
396 641
416 646
418 651
432 656
421 661
437 666
473 671
469 676
408 681
432 686
454 691
464 696
1241 700
473 701
527 706
469 711
450 716
470 721
496 726
532 731
586 736
469 741
492 746
