2 1
2 6
2 11
3 16
3 21
5 26
5 31
5 36
6 41
6 46
8 51
8 56
9 61
9 66
10 71
11 76
12 81
12 86
13 91
14 96
15 101
16 106
16 111
17 116
17 121
18 126
20 131
20 136
22 141
22 146
22 151
24 156
24 161
24 166
27 171
27 176
64 181
29 186
29 191
30 196
32 201
33 206
33 211
33 216
36 221
36 226
37 231
38 236
40 241
39 246
40 251
41 256
42 261
44 266
43 271
44 276
46 281
46 286
33 291
29 296
28 301
30 306
30 311
31 316
33 321
33 326
33 331
32 336
35 341
34 346
34 351
36 356
36 361
38 366
37 371
37 376
39 381
40 386
37 391
36 396
39 401
40 406
39 411
39 416
41 421
40 426
41 431
44 436
43 441
42 446
43 451
45 456
44 461
48 466
45 471
47 476
47 481
47 486
46 491
52 496
53 501
49 506
76 511
50 516
52 521
52 526
53 531
58 536
53 541
54 546
54 551
54 556
57 561
58 566
52 571
51 576
51 581
54 586
54 591
53 596
54 601
55 606
55 611
56 616
56 621
59 626
54 631
56 636
51 641
53 646
52 651
53 656
56 661
54 666
54 671
55 676
54 681
54 686
57 691
55 696
58 701
58 706
57 711
57 716
67 721
62 726
60 731
59 736
61 741
60 746
79 751
61 756
65 761
64 766
64 771
62 776
65 781
66 786
66 791
66 796
67 801
68 806
66 811
69 816
68 821
68 826
69 831
70 836
79 841
78 846
82 851
79 856
83 861
63 866
66 871
68 876
66 881
67 886
66 891
72 896
68 901
69 906
69 911
69 916
79 921
83 926
78 931
78 936
103 941
84 946
82 951
80 956
82 961
81 966
82 971
83 976
85 981
86 986
85 991
98 996
94 1001
93 1006
86 1011
86 1016
87 1021
87 1026
90 1031
91 1036
87 1041
90 1046
91 1051
91 1056
91 1061
92 1066
92 1071
92 1076
93 1081
105 1086
103 1091
94 1096
96 1101
97 1106
97 1111
96 1116
98 1121
99 1126
103 1131
97 1136
100 1141
100 1146
99 1151
105 1156
101 1161
101 1166
103 1171
101 1176
102 1181
103 1186
104 1191
107 1196
105 1201
105 1206
104 1211
107 1216
108 1221
127 1226
110 1231
110 1236
111 1241
109 1246
114 1251
111 1256
113 1261
111 1266
112 1271
117 1276
114 1281
114 1286
117 1291
112 1296
115 1301
115 1306
119 1311
118 1316
116 1321
118 1326
122 1331
116 1336
119 1341
135 1346
123 1351
120 1356
121 1361
121 1366
124 1371
124 1376
124 1381
124 1386
124 1391
129 1396
126 1401
128 1406
125 1411
132 1416
129 1421
127 1426
130 1431
133 1436
133 1441
128 1446
132 1451
148 1456
132 1461
134 1466
137 1471
133 1476
132 1481
139 1486
136 1491
136 1496
135 1501
135 1506
135 1511
138 1516
141 1521
147 1526
138 1531
139 1536
145 1541
138 1546
159 1551
140 1556
140 1561
147 1566
141 1571
143 1576
143 1581
145 1586
146 1591
145 1596
149 1601
143 1606
144 1611
152 1616
149 1621
148 1626
148 1631
146 1636
149 1641
151 1646
153 1651
157 1656
156 1661
150 1666
168 1671
174 1676
153 1681
142 1686
148 1691
142 1696
144 1701
146 1706
140 1711
141 1716
140 1721
144 1726
167 1731
156 1736
163 1741
165 1746
161 1751
163 1756
162 1761
162 1766
166 1771
173 1776
183 1781
188 1786
158 1791
151 1796
152 1801
151 1806
155 1811
173 1816
168 1821
167 1826
175 1831
174 1836
179 1841
170 1846
187 1851
180 1856
174 1861
175 1866
173 1871
182 1876
173 1881
176 1886
181 1891
175 1896
181 1901
184 1906
183 1911
189 1916
182 1921
180 1926
179 1931
179 1936
183 1941
179 1946
182 1951
184 1956
183 1961
182 1966
199 1971
187 1976
189 1981
188 1986
208 1991
197 1996
168 2001
172 2006
178 2011
189 2016
189 2021
192 2026
191 2031
189 2036
210 2041
192 2046
198 2051
199 2056
191 2061
195 2066
193 2071
196 2076
195 2081
194 2086
200 2091
219 2096
219 2101
184 2106
193 2111
198 2116
200 2121
198 2126
200 2131
211 2136
223 2141
220 2146
182 2151
180 2156
184 2161
186 2166
187 2171
181 2176
183 2181
203 2186
212 2191
208 2196
209 2201
210 2206
213 2211
207 2216
232 2221
215 2226
214 2231
215 2236
211 2241
213 2246
220 2251
215 2256
220 2261
212 2266
218 2271
225 2276
249 2281
203 2286
199 2291
195 2296
198 2301
198 2306
200 2311
248 2316
225 2321
227 2326
224 2331
247 2336
237 2341
224 2346
230 2351
230 2356
231 2361
234 2366
245 2371
232 2376
234 2381
242 2386
233 2391
229 2396
228 2401
251 2406
229 2411
230 2416
236 2421
233 2426
245 2431
235 2436
233 2441
231 2446
239 2451
235 2456
264 2461
240 2466
209 2471
217 2476
213 2481
219 2486
219 2491
231 2496
239 2501
244 2506
238 2511
256 2516
244 2521
240 2526
263 2531
248 2536
245 2541
260 2546
263 2551
244 2556
248 2561
250 2566
259 2571
256 2576
254 2581
253 2586
254 2591
269 2596
277 2601
260 2606
248 2611
257 2616
257 2621
279 2626
291 2631
252 2636
229 2641
228 2646
230 2651
253 2656
258 2661
271 2666
256 2671
266 2676
258 2681
272 2686
260 2691
261 2696
264 2701
261 2706
284 2711
274 2716
269 2721
264 2726
263 2731
268 2736
269 2741
262 2746
278 2751
300 2756
303 2761
271 2766
270 2771
271 2776
280 2781
292 2786
274 2791
279 2796
281 2801
275 2806
288 2811
278 2816
288 2821
278 2826
277 2831
274 2836
281 2841
277 2846
279 2851
278 2856
327 2861
283 2866
280 2871
284 2876
285 2881
283 2886
300 2891
279 2896
285 2901
287 2906
304 2911
296 2916
293 2921
287 2926
299 2931
311 2936
262 2941
257 2946
258 2951
263 2956
295 2961
296 2966
304 2971
308 2976
328 2981
268 2986
262 2991
263 2996
266 3001
267 3006
288 3011
297 3016
327 3021
331 3026
268 3031
277 3036
296 3041
302 3046
308 3051
320 3056
314 3061
309 3066
316 3071
304 3076
308 3081
312 3086
355 3091
303 3096
334 3101
306 3106
309 3111
301 3116
328 3121
310 3126
310 3131
316 3136
308 3141
337 3146
317 3151
310 3156
315 3161
311 3166
351 3171
280 3176
282 3181
287 3186
325 3191
314 3196
316 3201
320 3206
364 3211
324 3216
286 3221
297 3226
292 3231
334 3236
325 3241
325 3246
343 3251
329 3256
322 3261
325 3266
323 3271
341 3276
329 3281
331 3286
324 3291
325 3296
355 3301
321 3306
295 3311
295 3316
335 3321
327 3326
332 3331
357 3336
349 3341
330 3346
355 3351
339 3356
345 3361
339 3366
347 3371
354 3376
332 3381
339 3386
335 3391
341 3396
398 3401
336 3406
335 3411
345 3416
343 3421
393 3426
350 3431
307 3436
324 3441
342 3446
350 3451
350 3456
367 3461
381 3466
343 3471
344 3476
373 3481
368 3486
349 3491
351 3496
360 3501
362 3506
353 3511
351 3516
399 3521
357 3526
358 3531
358 3536
369 3541
410 3546
330 3551
358 3556
372 3561
380 3566
369 3571
362 3576
375 3581
374 3586
362 3591
376 3596
356 3601
364 3606
363 3611
362 3616
371 3621
394 3626
331 3631
358 3636
367 3641
376 3646
362 3651
372 3656
376 3661
371 3666
386 3671
413 3676
371 3681
367 3686
371 3691
372 3696
389 3701
395 3706
396 3711
373 3716
376 3721
404 3726
381 3731
378 3736
377 3741
455 3746
382 3751
372 3756
376 3761
398 3766
420 3771
340 3776
347 3781
386 3786
383 3791
396 3796
422 3801
377 3806
343 3811
352 3816
374 3821
389 3826
391 3831
433 3836
355 3841
350 3846
374 3851
409 3856
398 3861
428 3866
402 3871
406 3876
398 3881
390 3886
409 3891
393 3896
404 3901
402 3906
405 3911
427 3916
408 3921
418 3926
395 3931
408 3936
405 3941
402 3946
449 3951
355 3956
380 3961
401 3966
407 3971
395 3976
428 3981
423 3986
367 3991
384 3996
407 4001
409 4006
411 4011
405 4016
414 4021
405 4026
431 4031
410 4036
459 4041
447 4046
380 4051
376 4056
369 4061
407 4066
424 4071
431 4076
416 4081
432 4086
412 4091
418 4096
437 4101
428 4106
429 4111
423 4116
417 4121
472 4126
408 4131
423 4136
422 4141
471 4146
436 4151
460 4156
385 4161
424 4166
419 4171
429 4176
425 4181
435 4186
432 4191
448 4196
429 4201
425 4206
435 4211
425 4216
452 4221
432 4226
444 4231
434 4236
459 4241
440 4246
443 4251
436 4256
481 4261
438 4266
434 4271
448 4276
453 4281
464 4286
460 4291
439 4296
448 4301
430 4306
447 4311
472 4316
431 4321
450 4326
443 4331
462 4336
444 4341
441 4346
449 4351
466 4356
451 4361
458 4366
446 4371
462 4376
455 4381
478 4386
470 4391
449 4396
449 4401
467 4406
450 4411
488 4416
465 4421
464 4426
483 4431
490 4436
437 4441
425 4446
458 4451
459 4456
458 4461
531 4466
427 4471
421 4476
482 4481
454 4486
491 4491
467 4496
461 4501
455 4506
472 4511
468 4516
475 4521
471 4526
463 4531
494 4536
477 4541
469 4546
466 4551
469 4556
469 4561
492 4566
468 4571
462 4576
503 4581
443 4586
427 4591
421 4596
487 4601
483 4606
484 4611
512 4616
473 4621
530 4626
494 4631
481 4636
518 4641
478 4646
485 4651
533 4656
486 4661
493 4666
481 4671
481 4676
477 4681
499 4686
490 4691
488 4696
486 4701
494 4706
514 4711
487 4716
485 4721
491 4726
495 4731
497 4736
508 4741
484 4746
493 4751
493 4756
496 4761
488 4766
517 4771
493 4776
494 4781
503 4786
511 4791
494 4796
497 4801
538 4806
461 4811
448 4816
467 4821
478 4826
498 4831
510 4836
552 4841
463 4846
467 4851
511 4856
500 4861
537 4866
514 4871
522 4876
556 4881
507 4886
508 4891
511 4896
506 4901
514 4906
529 4911
511 4916
512 4921
509 4926
528 4931
558 4936
522 4941
539 4946
521 4951
507 4956
526 4961
558 4966
514 4971
516 4976
533 4981
514 4986
534 4991
523 4996
539 5001
542 5006
464 5011
467 5016
512 5021
532 5026
525 5031
540 5036
526 5041
543 5046
520 5051
533 5056
527 5061
520 5066
545 5071
526 5076
525 5081
526 5086
549 5091
521 5096
536 5101
563 5106
530 5111
531 5116
534 5121
562 5126
585 5131
556 5136
539 5141
552 5146
558 5151
545 5156
541 5161
544 5166
547 5171
553 5176
544 5181
546 5186
547 5191
557 5196
550 5201
532 5206
547 5211
548 5216
550 5221
563 5226
560 5231
557 5236
533 5241
577 5246
585 5251
570 5256
585 5261
516 5266
494 5271
489 5276
562 5281
562 5286
581 5291
558 5296
597 5301
544 5306
558 5311
577 5316
570 5321
561 5326
568 5331
569 5336
555 5341
560 5346
595 5351
560 5356
561 5361
598 5366
543 5371
526 5376
582 5381
560 5386
622 5391
516 5396
566 5401
568 5406
603 5411
587 5416
567 5421
606 5426
566 5431
568 5436
579 5441
576 5446
583 5451
570 5456
576 5461
590 5466
582 5471
593 5476
580 5481
573 5486
579 5491
580 5496
618 5501
579 5506
575 5511
604 5516
601 5521
597 5526
582 5531
588 5536
593 5541
576 5546
577 5551
599 5556
594 5561
595 5566
629 5571
606 5576
594 5581
599 5586
582 5591
596 5596
589 5601
618 5606
589 5611
596 5616
614 5621
584 5626
594 5631
600 5636
590 5641
597 5646
604 5651
636 5656
534 5661
574 5666
610 5671
617 5676
606 5681
598 5686
618 5691
600 5696
601 5701
605 5706
615 5711
604 5716
600 5721
602 5726
617 5731
627 5736
610 5741
642 5746
569 5751
608 5756
654 5761
629 5766
624 5771
619 5776
627 5781
611 5786
616 5791
611 5796
617 5801
628 5806
619 5811
616 5816
638 5821
640 5826
611 5831
625 5836
625 5841
610 5846
635 5851
609 5856
620 5861
621 5866
646 5871
638 5876
634 5881
629 5886
562 5891
621 5896
638 5901
674 5906
625 5911
625 5916
633 5921
626 5926
684 5931
576 5936
612 5941
629 5946
689 5951
574 5956
561 5961
634 5966
675 5971
621 5976
634 5981
665 5986
655 5991
635 5996
641 6001
653 6006
638 6011
639 6016
632 6021
664 6026
677 6031
658 6036
645 6041
644 6046
652 6051
717 6056
658 6061
656 6066
653 6071
643 6076
639 6081
636 6086
657 6091
669 6096
656 6101
657 6106
660 6111
664 6116
669 6121
668 6126
649 6131
672 6136
650 6141
663 6146
647 6151
661 6156
688 6161
670 6166
654 6171
673 6176
681 6181
660 6186
689 6191
664 6196
687 6201
660 6206
662 6211
665 6216
682 6221
651 6226
655 6231
678 6236
679 6241
670 6246
678 6251
675 6256
714 6261
665 6266
687 6271
680 6276
623 6281
663 6286
689 6291
660 6296
648 6301
692 6306
692 6311
691 6316
668 6321
690 6326
695 6331
705 6336
685 6341
697 6346
677 6351
700 6356
676 6361
724 6366
670 6371
691 6376
710 6381
677 6386
681 6391
716 6396
643 6401
619 6406
721 6411
727 6416
692 6421
689 6426
701 6431
682 6436
695 6441
704 6446
719 6451
688 6456
702 6461
693 6466
699 6471
701 6476
694 6481
697 6486
720 6491
714 6496
691 6501
688 6506
731 6511
736 6516
721 6521
631 6526
689 6531
719 6536
698 6541
708 6546
711 6551
715 6556
707 6561
719 6566
717 6571
696 6576
700 6581
715 6586
755 6591
730 6596
677 6601
642 6606
729 6611
760 6616
633 6621
639 6626
680 6631
711 6636
750 6641
718 6646
760 6651
720 6656
708 6661
704 6666
742 6671
740 6676
734 6681
734 6686
746 6691
726 6696
745 6701
644 6706
729 6711
770 6716
707 6721
648 6726
737 6731
743 6736
747 6741
733 6746
740 6751
722 6756
706 6761
660 6766
744 6771
762 6776
661 6781
731 6786
731 6791
736 6796
732 6801
800 6806
718 6811
784 6816
673 6821
703 6826
747 6831
791 6836
726 6841
766 6846
755 6851
740 6856
772 6861
771 6866
755 6871
748 6876
736 6881
755 6886
764 6891
772 6896
785 6901
748 6906
739 6911
766 6916
777 6921
743 6926
790 6931
765 6936
795 6941
751 6946
751 6951
760 6956
758 6961
767 6966
759 6971
769 6976
752 6981
802 6986
675 6991
720 6996
778 7001
772 7006
748 7011
777 7016
756 7021
778 7026
774 7031
754 7036
794 7041
803 7046
802 7051
771 7056
796 7061
768 7066
778 7071
764 7076
791 7081
719 7086
770 7091
820 7096
713 7101
737 7106
775 7111
759 7116
767 7121
796 7126
764 7131
796 7136
807 7141
770 7146
775 7151
816 7156
753 7161
785 7166
770 7171
786 7176
805 7181
780 7186
814 7191
722 7196
793 7201
839 7206
783 7211
842 7216
837 7221
700 7226
705 7231
800 7236
797 7241
801 7246
825 7251
828 7256
791 7261
801 7266
800 7271
793 7276
803 7281
824 7286
811 7291
779 7296
789 7301
829 7306
785 7311
794 7316
832 7321
814 7326
810 7331
800 7336
819 7341
814 7346
812 7351
806 7356
805 7361
820 7366
709 7371
797 7376
907 7381
775 7386
870 7391
821 7396
804 7401
842 7406
801 7411
862 7416
810 7421
821 7426
799 7431
800 7436
814 7441
820 7446
813 7451
792 7456
765 7461
812 7466
819 7471
836 7476
818 7481
847 7486
725 7491
757 7496
806 7501
852 7506
765 7511
824 7516
850 7521
833 7526
817 7531
819 7536
831 7541
825 7546
823 7551
844 7556
823 7561
837 7566
841 7571
831 7576
867 7581
837 7586
836 7591
746 7596
802 7601
825 7606
877 7611
883 7616
831 7621
875 7626
846 7631
851 7636
830 7641
821 7646
864 7651
816 7656
831 7661
870 7666
844 7671
825 7676
860 7681
886 7686
833 7691
870 7696
850 7701
855 7706
880 7711
785 7716
833 7721
871 7726
833 7731
906 7736
837 7741
927 7746
808 7751
847 7756
917 7761
807 7766
857 7771
904 7776
862 7781
875 7786
851 7791
915 7796
827 7801
846 7806
862 7811
875 7816
859 7821
856 7826
861 7831
870 7836
866 7841
865 7846
904 7851
856 7856
858 7861
926 7866
870 7871
900 7876
898 7881
863 7886
823 7891
865 7896
873 7901
869 7906
882 7911
896 7916
892 7921
829 7926
819 7931
929 7936
870 7941
888 7946
891 7951
881 7956
863 7961
887 7966
879 7971
876 7976
889 7981
927 7986
898 7991
918 7996
895 8001
913 8006
949 8011
882 8016
888 8021
870 8026
905 8031
865 8036
805 8041
868 8046
898 8051
885 8056
888 8061
872 8066
932 8071
867 8076
933 8081
823 8086
898 8091
928 8096
877 8101
943 8106
918 8111
890 8116
795 8121
884 8126
919 8131
902 8136
908 8141
904 8146
912 8151
944 8156
935 8161
824 8166
885 8171
911 8176
943 8181
915 8186
913 8191
895 8196
910 8201
899 8206
920 8211
920 8216
889 8221
906 8226
926 8231
911 8236
937 8241
806 8246
940 8251
982 8256
808 8261
913 8266
961 8271
910 8276
980 8281
914 8286
898 8291
973 8296
919 8301
940 8306
881 8311
957 8316
833 8321
880 8326
956 8331
925 8336
930 8341
926 8346
877 8351
858 8356
946 8361
945 8366
958 8371
955 8376
942 8381
979 8386
939 8391
949 8396
915 8401
938 8406
928 8411
958 8416
928 8421
1011 8426
818 8431
950 8436
920 8441
938 8446
927 8451
930 8456
973 8461
967 8466
963 8471
1036 8476
930 8481
975 8486
946 8491
942 8496
952 8501
969 8506
968 8511
885 8516
963 8521
949 8526
941 8531
977 8536
947 8541
914 8546
853 8551
941 8556
965 8561
976 8566
959 8571
955 8576
965 8581
963 8586
954 8591
962 8596
967 8601
955 8606
976 8611
943 8616
953 8621
891 8626
974 8631
949 8636
848 8641
956 8646
1014 8651
855 8656
947 8661
995 8666
965 8671
995 8676
985 8681
1009 8686
990 8691
1031 8696
975 8701
983 8706
925 8711
906 8716
1046 8721
873 8726
949 8731
987 8736
986 8741
999 8746
983 8751
967 8756
998 8761
954 8766
983 8771
955 8776
972 8781
993 8786
1005 8791
1032 8796
875 8801
958 8806
1007 8811
981 8816
993 8821
977 8826
956 8831
982 8836
996 8841
1011 8846
980 8851
916 8856
901 8861
961 8866
1047 8871
1001 8876
1006 8881
988 8886
1009 8891
1004 8896
980 8901
1015 8906
992 8911
1006 8916
1012 8921
996 8926
972 8931
996 8936
994 8941
901 8946
1007 8951
1023 8956
996 8961
1029 8966
979 8971
997 8976
999 8981
931 8986
926 8991
992 8996
1068 9001
1003 9006
1038 9011
926 9016
959 9021
1039 9026
1038 9031
1017 9036
1049 9041
952 9046
1020 9051
1017 9056
1018 9061
1013 9066
936 9071
922 9076
1017 9081
1075 9086
1025 9091
1031 9096
992 9101
1065 9106
1006 9111
1002 9116
1033 9121
1034 9126
1029 9131
1016 9136
1020 9141
1007 9146
1049 9151
953 9156
1004 9161
1030 9166
1046 9171
1056 9176
1059 9181
925 9186
1017 9191
1049 9196
1070 9201
1071 9206
1033 9211
1049 9216
1028 9221
1046 9226
997 9231
1071 9236
1015 9241
1103 9246
1044 9251
1074 9256
1065 9261
1032 9266
1056 9271
1038 9276
1048 9281
1118 9286
975 9291
1037 9296
1041 9301
1037 9306
1063 9311
1040 9316
1040 9321
1072 9326
1034 9331
1071 9336
1053 9341
1061 9346
942 9351
1038 9356
1037 9361
981 9366
1056 9371
1085 9376
1060 9381
1062 9386
1079 9391
1081 9396
1104 9401
1057 9406
1063 9411
1047 9416
1115 9421
1109 9426
961 9431
1059 9436
1062 9441
1054 9446
1071 9451
1066 9456
1063 9461
1091 9466
1040 9471
1101 9476
1052 9481
1089 9486
1069 9491
1046 9496
1101 9501
1110 9506
1040 9511
1127 9516
1070 9521
1094 9526
1055 9531
1078 9536
1066 9541
1109 9546
965 9551
1067 9556
1066 9561
970 9566
1068 9571
1091 9576
1091 9581
1081 9586
1133 9591
1080 9596
1117 9601
1096 9606
1091 9611
1069 9616
1121 9621
1128 9626
957 9631
1086 9636
1162 9641
1107 9646
1097 9651
1116 9656
1116 9661
1158 9666
1121 9671
1077 9676
1104 9681
1104 9686
1126 9691
986 9696
1094 9701
1096 9706
1108 9711
1116 9716
982 9721
1108 9726
1130 9731
1026 9736
1079 9741
1115 9746
1128 9751
1104 9756
1118 9761
1081 9766
1149 9771
1098 9776
1131 9781
988 9786
1084 9791
1093 9796
1103 9801
1085 9806
1122 9811
1169 9816
1187 9821
980 9826
1126 9831
1122 9836
1099 9841
1119 9846
1119 9851
1117 9856
1120 9861
1153 9866
1125 9871
1157 9876
1109 9881
1143 9886
1030 9891
1098 9896
1147 9901
1138 9906
1093 9911
1173 9916
1157 9921
999 9926
1066 9931
1120 9936
1166 9941
1127 9946
1178 9951
1150 9956
1128 9961
1125 9966
1141 9971
1127 9976
1158 9981
1128 9986
1126 9991
1122 9996
