4 1
1 6
1 11
2 16
3 21
4 26
6 31
7 36
8 41
9 46
12 51
13 56
16 61
18 66
21 71
24 76
29 81
31 86
33 91
36 96
41 101
45 106
48 111
52 116
57 121
61 126
69 131
71 136
74 141
81 146
87 151
92 156
98 161
103 166
109 171
115 176
120 181
132 186
136 191
138 196
151 201
157 206
191 211
174 216
181 221
192 226
202 231
202 236
213 241
222 246
232 251
238 256
245 261
257 266
287 271
273 276
282 281
296 286
313 291
315 296
331 301
340 306
348 311
379 316
373 321
388 326
391 331
409 336
416 341
427 346
456 351
459 356
464 361
473 366
484 371
500 376
546 381
532 386
558 391
560 396
569 401
601 406
598 411
617 416
622 421
648 426
656 431
676 436
691 441
717 446
752 451
576 456
447 461
456 466
396 471
394 476
414 481
434 486
440 491
392 496
446 501
366 506
365 511
409 516
424 521
431 526
440 531
444 536
455 541
460 546
487 551
481 556
488 561
494 566
491 571
522 576
549 581
532 586
541 591
621 596
496 601
548 606
574 611
589 616
594 621
655 626
596 631
629 636
692 641
579 646
578 651
635 656
681 661
681 666
688 671
722 676
718 681
718 686
736 691
731 696
782 701
759 706
806 711
742 716
798 721
810 726
868 731
758 736
833 741
835 746
926 751
832 756
884 761
895 766
925 771
907 776
968 781
906 786
970 791
965 796
979 801
1007 806
1043 811
908 816
1017 821
1049 826
1071 831
1065 836
1076 841
1081 846
1113 851
1105 856
1105 861
1149 866
1182 871
1086 876
1192 881
1244 886
1196 891
1234 896
1132 901
1238 906
1257 911
1282 916
1275 921
1304 926
1350 931
1186 936
1325 941
1402 946
1287 951
1358 956
1408 961
1370 966
1395 971
1446 976
1453 981
1483 986
1420 991
1454 996
1484 1001
1453 1006
1603 1011
1473 1016
1545 1021
1579 1026
1606 1031
1613 1036
1617 1041
1654 1046
1669 1051
1713 1056
1562 1061
1674 1066
1708 1071
1694 1076
1746 1081
1765 1086
1688 1091
1799 1096
1742 1101
1857 1106
1872 1111
1824 1116
1866 1121
1937 1126
1829 1131
1965 1136
1740 1141
2020 1146
1893 1151
1986 1156
1990 1161
2055 1166
2006 1171
2107 1176
1918 1181
2027 1186
2040 1191
2130 1196
2138 1201
2236 1206
2126 1211
2139 1216
2292 1221
2232 1226
2248 1231
2244 1236
2334 1241
2309 1246
2182 1251
2380 1256
2194 1261
2364 1266
2390 1271
2407 1276
2467 1281
2454 1286
2343 1291
2479 1296
2504 1301
2481 1306
2516 1311
2499 1316
2600 1321
2528 1326
2610 1331
2633 1336
2697 1341
2608 1346
2709 1351
2552 1356
2792 1361
2688 1366
2802 1371
2795 1376
2691 1381
2766 1386
2881 1391
2831 1396
2889 1401
2831 1406
2907 1411
2926 1416
2961 1421
3061 1426
2962 1431
3010 1436
3054 1441
3015 1446
3144 1451
3062 1456
3132 1461
3070 1466
3106 1471
3200 1476
3148 1481
3161 1486
3248 1491
3270 1496
3330 1501
3323 1506
3254 1511
3342 1516
3265 1521
3424 1526
3370 1531
3248 1536
3448 1541
3450 1546
3338 1551
3575 1556
3500 1561
3499 1566
3598 1571
3600 1576
3698 1581
3693 1586
3388 1591
3633 1596
3593 1601
3681 1606
3676 1611
3667 1616
3876 1621
3788 1626
3783 1631
3852 1636
3876 1641
3883 1646
3887 1651
3898 1656
3968 1661
3865 1666
4025 1671
3992 1676
4043 1681
3979 1686
4091 1691
4092 1696
4178 1701
4194 1706
4163 1711
4189 1716
4350 1721
4343 1726
4323 1731
4290 1736
4425 1741
4363 1746
4267 1751
4228 1756
4436 1761
4377 1766
4438 1771
4474 1776
4556 1781
4618 1786
4378 1791
4559 1796
4643 1801
4638 1806
4756 1811
4711 1816
4812 1821
4539 1826
4667 1831
4878 1836
4737 1841
4721 1846
4896 1851
4892 1856
4798 1861
4839 1866
4937 1871
5024 1876
4904 1881
5087 1886
4886 1891
5130 1896
5119 1901
5170 1906
5097 1911
5291 1916
5244 1921
5126 1926
5217 1931
5255 1936
5352 1941
5398 1946
5346 1951
5242 1956
5429 1961
5453 1966
5436 1971
5658 1976
5578 1981
5563 1986
5601 1991
5645 1996
5689 2001
5616 2006
5836 2011
5583 2016
5849 2021
5783 2026
5798 2031
5866 2036
5858 2041
5740 2046
5909 2051
5955 2056
6036 2061
5744 2066
5741 2071
6127 2076
6117 2081
6081 2086
6154 2091
6214 2096
6143 2101
6139 2106
6164 2111
6372 2116
6054 2121
6259 2126
6394 2131
6367 2136
6271 2141
6514 2146
6483 2151
6376 2156
6547 2161
6470 2166
6702 2171
6696 2176
6580 2181
6685 2186
6697 2191
6565 2196
6789 2201
6662 2206
6840 2211
6902 2216
6766 2221
6955 2226
6706 2231
6915 2236
6897 2241
7047 2246
7093 2251
7037 2256
7203 2261
6987 2266
7125 2271
6877 2276
7301 2281
7181 2286
7300 2291
7298 2296
7370 2301
7245 2306
7344 2311
7405 2316
7429 2321
7490 2326
7467 2331
7601 2336
7546 2341
7455 2346
7474 2351
7717 2356
7599 2361
7694 2366
7756 2371
7909 2376
7688 2381
7862 2386
7624 2391
7921 2396
7938 2401
7937 2406
8076 2411
8056 2416
7892 2421
8064 2426
8044 2431
8097 2436
8165 2441
8224 2446
8277 2451
8223 2456
8147 2461
8132 2466
8218 2471
8274 2476
8360 2481
8356 2486
8460 2491
8442 2496
8490 2501
8600 2506
8534 2511
8715 2516
8603 2521
8776 2526
8717 2531
8649 2536
8740 2541
8678 2546
8898 2551
8934 2556
8902 2561
8949 2566
9089 2571
8820 2576
8854 2581
9136 2586
9416 2591
9207 2596
9260 2601
9166 2606
9255 2611
9269 2616
9610 2621
9298 2626
9408 2631
9185 2636
9213 2641
9545 2646
9504 2651
9507 2656
9523 2661
9595 2666
9656 2671
9558 2676
9815 2681
9662 2686
9805 2691
9711 2696
9985 2701
9941 2706
9774 2711
9990 2716
9773 2721
10045 2726
10277 2731
10039 2736
10186 2741
10195 2746
10049 2751
9930 2756
10469 2761
10116 2766
10341 2771
10244 2776
10301 2781
10503 2786
10223 2791
10589 2796
10393 2801
10363 2806
10592 2811
10677 2816
10327 2821
10496 2826
10987 2831
10696 2836
10860 2841
10669 2846
10934 2851
10790 2856
11213 2861
10904 2866
11012 2871
10966 2876
11102 2881
11196 2886
11135 2891
10990 2896
11156 2901
11306 2906
11197 2911
11379 2916
11310 2921
11221 2926
11335 2931
11399 2936
11444 2941
11427 2946
11656 2951
11435 2956
11491 2961
11844 2966
11697 2971
11750 2976
11626 2981
11909 2986
11964 2991
12120 2996
11769 3001
11746 3006
12059 3011
12047 3016
12130 3021
12076 3026
12102 3031
12057 3036
12257 3041
12369 3046
12431 3051
12338 3056
12490 3061
12505 3066
12362 3071
12315 3076
12573 3081
12494 3086
12602 3091
12779 3096
12468 3101
12477 3106
12625 3111
12651 3116
12793 3121
13040 3126
12822 3131
12873 3136
12745 3141
13091 3146
13013 3151
12928 3156
12935 3161
13381 3166
13074 3171
13268 3176
13256 3181
13350 3186
13607 3191
13367 3196
13316 3201
13678 3206
13624 3211
13506 3216
13897 3221
13729 3226
13435 3231
13496 3236
13557 3241
13801 3246
13701 3251
13866 3256
13993 3261
13733 3266
13951 3271
14099 3276
13965 3281
13880 3286
14117 3291
13912 3296
14120 3301
14179 3306
14242 3311
14315 3316
14512 3321
14315 3326
14334 3331
14280 3336
14532 3341
14189 3346
14446 3351
14651 3356
14539 3361
14688 3366
14411 3371
14746 3376
14584 3381
14712 3386
14942 3391
14636 3396
15283 3401
14974 3406
15179 3411
15057 3416
15406 3421
15163 3426
15078 3431
15283 3436
15242 3441
15257 3446
15559 3451
15350 3456
15132 3461
15298 3466
15537 3471
15429 3476
15451 3481
15423 3486
15453 3491
15465 3496
15708 3501
15618 3506
15765 3511
15895 3516
16025 3521
16032 3526
15878 3531
16095 3536
16037 3541
16071 3546
16215 3551
15964 3556
16266 3561
16321 3566
16469 3571
16158 3576
16465 3581
16436 3586
16465 3591
16469 3596
16564 3601
16370 3606
16700 3611
16871 3616
16620 3621
17015 3626
16711 3631
17069 3636
16860 3641
16921 3646
16812 3651
17116 3656
16971 3661
16593 3666
17126 3671
17300 3676
17234 3681
17307 3686
17241 3691
17406 3696
17357 3701
17433 3706
17105 3711
17620 3716
17857 3721
17822 3726
17597 3731
17737 3736
17718 3741
17988 3746
17819 3751
17886 3756
18172 3761
17983 3766
17902 3771
17706 3776
18040 3781
18278 3786
17748 3791
18170 3796
18529 3801
18474 3806
18481 3811
18476 3816
18548 3821
18670 3826
18423 3831
18456 3836
18809 3841
18500 3846
18516 3851
18900 3856
18682 3861
18994 3866
18802 3871
19136 3876
18989 3881
18910 3886
19022 3891
19307 3896
18995 3901
19298 3906
19161 3911
18948 3916
19282 3921
19652 3926
19334 3931
19668 3936
19544 3941
19671 3946
19483 3951
19853 3956
19696 3961
19658 3966
19795 3971
19885 3976
19977 3981
19951 3986
19869 3991
20195 3996
20130 4001
20110 4006
19997 4011
20033 4016
20213 4021
20434 4026
20295 4031
20184 4036
20206 4041
20805 4046
20591 4051
20362 4056
20441 4061
20723 4066
20764 4071
20520 4076
20928 4081
20629 4086
20942 4091
20330 4096
20912 4101
20984 4106
20846 4111
20837 4116
20941 4121
21101 4126
21009 4131
21371 4136
21302 4141
21173 4146
21446 4151
21336 4156
21181 4161
21883 4166
21874 4171
21802 4176
21442 4181
21848 4186
21525 4191
21626 4196
22057 4201
21633 4206
21699 4211
22095 4216
22342 4221
22076 4226
21696 4231
22576 4236
22439 4241
22100 4246
22249 4251
21904 4256
22705 4261
22216 4266
22698 4271
22679 4276
22609 4281
22354 4286
22455 4291
22330 4296
22785 4301
22665 4306
23218 4311
22978 4316
23098 4321
22886 4326
23079 4331
23229 4336
22687 4341
23375 4346
23155 4351
23329 4356
23011 4361
23267 4366
23411 4371
23413 4376
23360 4381
23121 4386
23313 4391
23930 4396
24076 4401
23760 4406
23775 4411
23542 4416
23794 4421
24016 4426
23767 4431
23967 4436
23942 4441
23743 4446
24288 4451
23794 4456
24206 4461
23900 4466
23877 4471
23917 4476
24814 4481
24348 4486
24605 4491
24440 4496
24528 4501
24917 4506
24821 4511
24857 4516
25078 4521
24069 4526
25031 4531
24747 4536
24880 4541
24979 4546
24999 4551
24994 4556
25122 4561
25244 4566
25423 4571
25164 4576
25750 4581
25075 4586
25923 4591
25246 4596
25211 4601
25633 4606
25903 4611
25909 4616
25864 4621
25848 4626
25683 4631
25970 4636
26096 4641
25745 4646
25857 4651
26293 4656
26177 4661
26184 4666
26140 4671
26485 4676
26412 4681
26728 4686
26498 4691
26541 4696
26353 4701
26532 4706
26512 4711
26311 4716
27022 4721
26618 4726
26450 4731
27106 4736
27172 4741
26718 4746
26944 4751
26681 4756
27055 4761
27154 4766
27179 4771
27797 4776
27241 4781
27374 4786
27600 4791
27140 4796
27125 4801
27483 4806
27152 4811
27544 4816
27831 4821
28030 4826
27675 4831
27902 4836
27776 4841
28003 4846
28266 4851
28087 4856
27784 4861
27961 4866
28269 4871
27966 4876
28567 4881
28222 4886
27969 4891
28279 4896
28533 4901
28789 4906
28346 4911
28798 4916
28504 4921
28987 4926
28655 4931
28623 4936
28712 4941
28928 4946
28763 4951
29236 4956
29141 4961
29285 4966
29452 4971
29480 4976
29602 4981
29029 4986
29155 4991
30116 4996
29813 5001
29643 5006
29584 5011
30087 5016
29843 5021
29310 5026
29687 5031
30164 5036
30186 5041
30222 5046
30192 5051
30374 5056
30525 5061
30370 5066
30289 5071
30188 5076
30347 5081
30461 5086
30769 5091
30652 5096
30338 5101
30493 5106
30777 5111
30356 5116
30630 5121
31333 5126
30377 5131
31034 5136
31125 5141
30795 5146
31295 5151
31061 5156
31148 5161
31385 5166
30759 5171
31279 5176
30913 5181
31089 5186
31318 5191
31485 5196
31645 5201
31461 5206
31405 5211
32159 5216
32194 5221
31865 5226
31719 5231
31995 5236
31834 5241
31921 5246
31863 5251
32140 5256
32658 5261
32528 5266
32135 5271
32397 5276
32583 5281
32430 5286
32612 5291
32417 5296
32451 5301
32703 5306
32776 5311
32391 5316
32868 5321
32982 5326
33416 5331
32926 5336
32944 5341
33365 5346
32848 5351
32707 5356
33354 5361
34071 5366
33811 5371
33616 5376
33845 5381
33294 5386
33829 5391
34067 5396
33860 5401
33599 5406
33923 5411
34805 5416
33432 5421
33922 5426
34047 5431
34152 5436
34332 5441
34695 5446
34121 5451
33999 5456
34247 5461
34256 5466
34853 5471
34517 5476
34574 5481
34462 5486
34413 5491
34311 5496
35283 5501
35203 5506
35411 5511
35433 5516
35126 5521
34476 5526
34904 5531
35327 5536
34791 5541
35748 5546
35089 5551
35388 5556
35346 5561
35821 5566
35555 5571
35743 5576
35836 5581
36258 5586
35966 5591
35995 5596
35536 5601
35804 5606
35763 5611
36389 5616
36451 5621
36366 5626
35695 5631
36501 5636
36006 5641
36659 5646
36718 5651
36100 5656
36266 5661
36199 5666
36763 5671
36762 5676
36861 5681
36774 5686
37331 5691
37652 5696
36884 5701
37148 5706
36954 5711
36706 5716
37015 5721
37276 5726
37962 5731
37233 5736
37490 5741
37319 5746
37647 5751
37450 5756
37454 5761
37010 5766
38075 5771
37784 5776
37771 5781
38056 5786
37940 5791
37938 5796
37859 5801
38306 5806
38359 5811
38386 5816
38740 5821
38790 5826
38016 5831
38045 5836
38583 5841
37681 5846
38615 5851
39227 5856
39422 5861
39411 5866
39030 5871
38665 5876
38725 5881
38804 5886
39237 5891
39089 5896
38723 5901
39459 5906
38813 5911
39108 5916
39471 5921
39992 5926
39543 5931
39666 5936
39281 5941
39517 5946
40358 5951
39595 5956
39961 5961
39544 5966
40010 5971
39928 5976
39477 5981
40429 5986
40036 5991
40640 5996
40579 6001
39830 6006
40980 6011
40569 6016
40736 6021
40212 6026
40985 6031
40987 6036
40971 6041
41080 6046
40581 6051
40788 6056
41039 6061
40985 6066
41424 6071
41434 6076
41047 6081
40659 6086
41629 6091
41677 6096
41238 6101
41678 6106
41681 6111
41795 6116
42230 6121
41692 6126
42439 6131
41689 6136
42439 6141
41723 6146
42126 6151
41363 6156
42108 6161
42466 6166
41922 6171
42056 6176
41980 6181
42773 6186
42592 6191
41972 6196
42645 6201
42928 6206
42750 6211
42439 6216
42835 6221
42923 6226
42658 6231
43141 6236
42702 6241
43039 6246
43882 6251
43309 6256
43983 6261
43207 6266
43761 6271
43343 6276
43933 6281
43746 6286
44085 6291
43692 6296
43544 6301
44032 6306
43619 6311
43454 6316
43656 6321
44600 6326
43733 6331
42977 6336
43895 6341
43563 6346
44345 6351
44676 6356
44391 6361
44722 6366
44115 6371
44725 6376
45164 6381
44687 6386
45263 6391
44933 6396
45226 6401
45142 6406
45094 6411
44876 6416
45144 6421
44886 6426
45175 6431
45249 6436
46157 6441
45629 6446
45167 6451
45499 6456
45177 6461
45068 6466
45323 6471
45283 6476
44840 6481
45968 6486
46011 6491
46134 6496
46499 6501
45987 6506
45708 6511
45700 6516
46066 6521
46368 6526
46440 6531
46068 6536
47183 6541
46925 6546
46558 6551
46348 6556
46033 6561
46435 6566
46813 6571
46915 6576
46555 6581
46431 6586
46806 6591
47392 6596
47043 6601
46405 6606
47637 6611
47141 6616
47147 6621
46601 6626
47171 6631
47440 6636
47489 6641
47950 6646
47373 6651
47563 6656
47735 6661
47353 6666
48236 6671
47940 6676
48119 6681
47584 6686
48324 6691
48185 6696
47821 6701
48331 6706
48591 6711
48327 6716
48767 6721
49072 6726
48666 6731
49267 6736
49037 6741
48884 6746
49095 6751
49171 6756
49007 6761
48669 6766
49184 6771
49280 6776
49301 6781
49654 6786
49398 6791
48972 6796
49563 6801
49487 6806
49876 6811
49828 6816
49827 6821
50049 6826
49650 6831
49579 6836
50556 6841
50392 6846
50512 6851
50310 6856
50363 6861
50202 6866
51539 6871
50444 6876
50300 6881
50928 6886
50766 6891
51185 6896
51529 6901
50880 6906
50781 6911
50701 6916
51088 6921
50546 6926
51211 6931
50878 6936
51012 6941
51582 6946
51144 6951
51177 6956
50959 6961
50763 6966
51619 6971
51176 6976
50899 6981
51600 6986
51957 6991
52194 6996
51440 7001
52827 7006
51981 7011
52677 7016
51989 7021
52459 7026
52733 7031
52401 7036
52316 7041
52880 7046
52873 7051
51965 7056
52962 7061
53465 7066
52085 7071
52451 7076
52498 7081
52691 7086
53726 7091
53534 7096
53021 7101
52843 7106
53034 7111
53572 7116
53288 7121
52629 7126
53978 7131
53391 7136
54240 7141
54667 7146
54320 7151
53784 7156
54284 7161
54025 7166
53376 7171
54561 7176
54248 7181
54341 7186
53916 7191
54042 7196
54205 7201
54906 7206
53938 7211
54056 7216
54140 7221
54880 7226
55257 7231
54825 7236
55238 7241
54520 7246
54995 7251
55118 7256
54961 7261
55069 7266
55044 7271
55355 7276
54713 7281
54385 7286
55092 7291
56412 7296
54830 7301
55270 7306
55739 7311
55891 7316
55340 7321
56223 7326
55807 7331
56012 7336
55939 7341
56193 7346
55521 7351
56240 7356
57734 7361
56416 7366
56353 7371
57077 7376
56133 7381
57142 7386
57033 7391
57570 7396
56632 7401
57844 7406
56039 7411
56745 7416
57184 7421
56738 7426
57406 7431
56254 7436
57445 7441
57816 7446
57836 7451
57280 7456
57699 7461
57280 7466
57494 7471
57605 7476
57749 7481
58236 7486
58069 7491
58394 7496
58173 7501
58065 7506
58148 7511
58220 7516
58292 7521
58003 7526
58594 7531
58681 7536
58578 7541
58793 7546
58681 7551
58820 7556
58678 7561
58720 7566
58846 7571
58721 7576
58736 7581
58936 7586
59129 7591
58794 7596
59534 7601
59637 7606
59917 7611
59843 7616
59807 7621
59989 7626
59754 7631
59982 7636
60327 7641
59862 7646
59159 7651
59869 7656
59866 7661
60065 7666
59842 7671
60723 7676
60176 7681
60271 7686
60524 7691
60881 7696
60605 7701
61425 7706
61770 7711
60698 7716
60524 7721
60763 7726
60527 7731
60795 7736
60105 7741
61216 7746
61648 7751
61488 7756
61239 7761
61206 7766
61436 7771
61040 7776
61572 7781
61239 7786
60979 7791
61220 7796
61160 7801
62517 7806
61804 7811
62463 7816
61691 7821
63389 7826
62383 7831
61438 7836
61564 7841
61948 7846
61678 7851
62418 7856
62521 7861
62640 7866
62230 7871
62647 7876
62234 7881
62551 7886
63529 7891
62845 7896
62911 7901
63656 7906
62928 7911
63152 7916
63059 7921
63345 7926
64505 7931
63522 7936
63902 7941
63089 7946
63059 7951
63643 7956
63569 7961
63790 7966
64296 7971
63877 7976
65099 7981
64863 7986
64728 7991
65277 7996
64997 8001
64935 8006
64786 8011
65039 8016
64827 8021
64779 8026
64934 8031
64768 8036
64399 8041
64424 8046
63368 8051
64393 8056
65516 8061
64619 8066
65459 8071
65821 8076
65655 8081
65642 8086
65501 8091
65340 8096
65630 8101
65307 8106
66371 8111
65604 8116
66755 8121
65735 8126
65515 8131
65817 8136
65919 8141
66445 8146
65893 8151
66151 8156
66421 8161
66259 8166
65624 8171
66550 8176
67680 8181
66424 8186
67016 8191
67753 8196
67503 8201
66292 8206
67108 8211
66758 8216
67062 8221
67407 8226
67456 8231
67417 8236
68220 8241
67958 8246
67520 8251
67454 8256
66499 8261
67253 8266
67697 8271
68600 8276
68119 8281
67635 8286
67982 8291
67566 8296
68686 8301
68464 8306
67780 8311
68457 8316
68364 8321
68531 8326
67921 8331
68811 8336
68109 8341
68568 8346
68828 8351
69248 8356
70009 8361
69353 8366
68875 8371
69822 8376
69348 8381
69128 8386
69791 8391
68583 8396
69393 8401
69901 8406
70766 8411
69258 8416
70423 8421
70533 8426
70553 8431
69307 8436
69819 8441
69937 8446
71177 8451
70315 8456
69405 8461
70300 8466
70712 8471
70054 8476
70336 8481
70400 8486
70856 8491
71459 8496
71479 8501
71405 8506
71020 8511
71085 8516
71204 8521
70584 8526
71260 8531
71228 8536
70112 8541
71545 8546
71497 8551
71644 8556
71395 8561
69942 8566
72310 8571
71765 8576
71953 8581
72291 8586
72834 8591
72197 8596
71478 8601
71573 8606
73599 8611
72123 8616
72634 8621
72249 8626
72243 8631
72750 8636
72893 8641
72889 8646
73117 8651
73020 8656
73127 8661
72828 8666
73106 8671
73544 8676
73672 8681
73374 8686
74304 8691
72923 8696
72967 8701
73906 8706
73819 8711
72969 8716
73127 8721
73288 8726
73777 8731
74774 8736
73882 8741
75075 8746
73242 8751
72724 8756
74256 8761
74237 8766
74531 8771
74273 8776
74279 8781
74312 8786
74309 8791
74970 8796
74453 8801
74470 8806
74681 8811
73759 8816
73979 8821
74364 8826
74965 8831
74697 8836
75956 8841
74234 8846
75083 8851
75550 8856
75859 8861
76215 8866
75598 8871
74922 8876
76171 8881
76355 8886
78216 8891
76280 8896
77442 8901
75822 8906
76105 8911
75947 8916
76500 8921
76664 8926
76193 8931
75777 8936
76942 8941
76942 8946
77026 8951
76569 8956
77031 8961
78003 8966
77312 8971
77983 8976
77069 8981
77086 8986
77748 8991
78271 8996
76634 9001
77359 9006
77126 9011
77529 9016
77158 9021
76836 9026
77549 9031
79149 9036
78506 9041
77489 9046
77486 9051
78392 9056
78514 9061
77916 9066
78087 9071
78527 9076
79244 9081
78755 9086
78675 9091
78310 9096
78172 9101
78737 9106
79937 9111
79483 9116
78301 9121
80122 9126
78328 9131
79671 9136
79904 9141
79668 9146
79537 9151
80559 9156
79944 9161
79900 9166
79175 9171
79486 9176
80313 9181
79867 9186
81058 9191
80191 9196
81060 9201
80674 9206
80277 9211
79922 9216
80755 9221
80798 9226
80664 9231
80392 9236
81034 9241
80888 9246
80395 9251
81380 9256
80415 9261
79928 9266
80566 9271
80499 9276
81535 9281
82061 9286
82218 9291
81834 9296
81618 9301
81305 9306
81248 9311
80642 9316
82466 9321
81880 9326
82391 9331
81234 9336
82575 9341
81970 9346
82405 9351
81465 9356
81889 9361
82899 9366
82332 9371
82262 9376
82454 9381
81457 9386
82712 9391
82913 9396
83261 9401
82909 9406
84147 9411
83532 9416
82750 9421
82783 9426
83731 9431
83495 9436
82496 9441
83662 9446
82292 9451
82844 9456
84309 9461
83194 9466
84240 9471
83104 9476
84552 9481
84606 9486
83407 9491
84215 9496
84116 9501
83727 9506
84303 9511
84524 9516
85491 9521
84369 9526
84727 9531
84818 9536
85289 9541
86059 9546
84299 9551
85143 9556
85963 9561
85415 9566
85951 9571
86035 9576
85805 9581
85534 9586
85301 9591
86256 9596
85735 9601
86346 9606
86086 9611
85834 9616
85659 9621
86270 9626
86382 9631
85532 9636
86860 9641
85650 9646
86286 9651
86282 9656
86674 9661
86304 9666
85673 9671
87582 9676
86916 9681
85953 9686
87232 9691
87008 9696
88710 9701
86960 9706
86514 9711
86750 9716
87522 9721
87298 9726
88242 9731
87293 9736
86978 9741
86178 9746
88464 9751
88131 9756
86910 9761
87567 9766
87241 9771
88000 9776
89006 9781
87780 9786
88732 9791
87866 9796
87908 9801
87581 9806
88444 9811
88386 9816
87949 9821
88023 9826
90420 9831
87680 9836
89371 9841
88592 9846
88399 9851
89596 9856
88997 9861
88876 9866
89344 9871
88793 9876
88679 9881
89540 9886
89000 9891
89315 9896
89000 9901
89958 9906
90548 9911
90762 9916
90343 9921
91272 9926
90054 9931
89499 9936
90552 9941
89737 9946
90060 9951
89911 9956
90066 9961
89240 9966
89852 9971
91213 9976
90101 9981
90919 9986
90272 9991
89711 9996
