1 1
1 6
1 11
1 16
2 21
2 26
3 31
3 36
4 41
5 46
6 51
7 56
8 61
9 66
11 71
13 76
14 81
18 86
21 91
24 96
21 101
23 106
25 111
28 116
30 121
32 126
34 131
38 136
40 141
42 146
45 151
48 156
52 161
54 166
58 171
61 176
72 181
77 186
82 191
90 196
87 201
83 206
87 211
92 216
95 221
100 226
104 231
108 236
115 241
118 246
146 251
128 256
133 261
138 266
142 271
149 276
153 281
159 286
181 291
191 296
177 301
163 306
168 311
174 316
179 321
184 326
207 331
234 336
226 341
231 346
238 351
244 356
251 361
258 366
265 371
273 376
279 381
287 386
294 391
306 396
309 401
317 406
324 411
350 416
357 421
313 426
320 431
328 436
360 441
384 446
389 451
446 456
390 461
373 466
381 471
420 476
443 481
470 486
491 491
424 496
431 501
440 506
499 511
509 516
519 521
583 526
498 531
493 536
567 541
571 546
590 551
591 556
600 561
639 566
637 571
653 576
595 581
655 586
687 591
694 596
690 601
700 606
732 611
724 616
769 621
671 626
713 631
771 636
810 641
743 646
819 651
838 656
881 661
758 666
821 671
883 676
876 681
805 686
904 691
922 696
967 701
927 706
961 711
990 716
1010 721
1003 726
1015 731
1047 736
1044 741
1058 746
1135 751
1097 756
1077 761
1078 766
1190 771
1028 776
1155 781
1159 786
1088 791
1203 796
1240 801
1174 806
1306 811
1135 816
1317 821
1295 826
1331 831
1326 836
1375 841
1413 846
1241 851
1431 856
1300 861
1378 866
1487 871
1325 876
1364 881
1516 886
1505 891
1542 896
1553 901
1466 906
1615 911
1446 916
1666 921
1461 926
1650 931
1624 936
1745 941
1677 946
1735 951
1796 956
1771 961
1707 966
1736 971
1854 976
1656 981
1882 986
1888 991
1839 996
1871 1001
1917 1006
1938 1011
1973 1016
1919 1021
2026 1026
1846 1031
2087 1036
1962 1041
1988 1046
2102 1051
1997 1056
2163 1061
2168 1066
2197 1071
2022 1076
2270 1081
2130 1086
2175 1091
2237 1096
2214 1101
2332 1106
2358 1111
2339 1116
2285 1121
2320 1126
2174 1131
2212 1136
2393 1141
2553 1146
2525 1151
2559 1156
2366 1161
2365 1166
2520 1171
2646 1176
2653 1181
2680 1186
2717 1191
2572 1196
2685 1201
2793 1206
2811 1211
2867 1216
2742 1221
2739 1226
2712 1231
2915 1236
2930 1241
2994 1246
2933 1251
2697 1256
2941 1261
2946 1266
3124 1271
3106 1276
2972 1281
3081 1286
3077 1291
3015 1296
3287 1301
3243 1306
3305 1311
3255 1316
3225 1321
3177 1326
3334 1331
3238 1336
3426 1341
3427 1346
3335 1351
3427 1356
3479 1361
3423 1366
3593 1371
3587 1376
3492 1381
3609 1386
3577 1391
3775 1396
3726 1401
3732 1406
3711 1411
3765 1416
3508 1421
3951 1426
3905 1431
3915 1436
3859 1441
3826 1446
3833 1451
3866 1456
4049 1461
4116 1466
3975 1471
3989 1476
4222 1481
4190 1486
4081 1491
4099 1496
4041 1501
4350 1506
4237 1511
4236 1516
4280 1521
4475 1526
4463 1531
4242 1536
4509 1541
4534 1546
4455 1551
4519 1556
4603 1561
4737 1566
4492 1571
4627 1576
4703 1581
4806 1586
4664 1591
4669 1596
4939 1601
4917 1606
4787 1611
4802 1616
4860 1621
4977 1626
5059 1631
5034 1636
4977 1641
5033 1646
5195 1651
5058 1656
5106 1661
5272 1666
5310 1671
5194 1676
5234 1681
5471 1686
5432 1691
5437 1696
5366 1701
5371 1706
5448 1711
5583 1716
5439 1721
5645 1726
5631 1731
5364 1736
5258 1741
5801 1746
5430 1751
5258 1756
5771 1761
5831 1766
5784 1771
6004 1776
5791 1781
5916 1786
6124 1791
5895 1796
6134 1801
6226 1806
6058 1811
6153 1816
6206 1821
6311 1826
6152 1831
6241 1836
6280 1841
6386 1846
6380 1851
6370 1856
6633 1861
6361 1866
6498 1871
6672 1876
6443 1881
6750 1886
6754 1891
6774 1896
6864 1901
6891 1906
6924 1911
6990 1916
6863 1921
7054 1926
7052 1931
7135 1936
6885 1941
7161 1946
7119 1951
7022 1956
7348 1961
7268 1966
7229 1971
7474 1976
7471 1981
7239 1986
7401 1991
7539 1996
7530 2001
7520 2006
7501 2011
7800 2016
7779 2021
7594 2026
7613 2031
7912 2036
7596 2041
7911 2046
7925 2051
7740 2056
8036 2061
7872 2066
7899 2071
8227 2076
8162 2081
7952 2086
8225 2091
8293 2096
8354 2101
8342 2106
8435 2111
8445 2116
8312 2121
8555 2126
8437 2131
8620 2136
8596 2141
8486 2146
8628 2151
8741 2156
8655 2161
8838 2166
8821 2171
8751 2176
9006 2181
8782 2186
8961 2191
9027 2196
9024 2201
9291 2206
8977 2211
9122 2216
9395 2221
9114 2226
9579 2231
9278 2236
9362 2241
9365 2246
9373 2251
9656 2256
9688 2261
9613 2266
9702 2271
9770 2276
9724 2281
9702 2286
9917 2291
9441 2296
10063 2301
9871 2306
9897 2311
10112 2316
9913 2321
10154 2326
10001 2331
10376 2336
10190 2341
10199 2346
10281 2351
10422 2356
10425 2361
10541 2366
10596 2371
10481 2376
10767 2381
10455 2386
10668 2391
10581 2396
10644 2401
10618 2406
10766 2411
11042 2416
10971 2421
10949 2426
11207 2431
10956 2436
11301 2441
11175 2446
11232 2451
11384 2456
11386 2461
11239 2466
11550 2471
11265 2476
11213 2481
11653 2486
11440 2491
11643 2496
11683 2501
11779 2506
11630 2511
11774 2516
11829 2521
11944 2526
11782 2531
12024 2536
11927 2541
12017 2546
12074 2551
11871 2556
12529 2561
12183 2566
12335 2571
12427 2576
12476 2581
12557 2586
12417 2591
12652 2596
12445 2601
12577 2606
12904 2611
12573 2616
12922 2621
12794 2626
12996 2631
12806 2636
12997 2641
13145 2646
12847 2651
13103 2656
13223 2661
13287 2666
13414 2671
13303 2676
13358 2681
13726 2686
13671 2691
13658 2696
13440 2701
13654 2706
13952 2711
13849 2716
13886 2721
13843 2726
13825 2731
13997 2736
13830 2741
14121 2746
14255 2751
14104 2756
14087 2761
14242 2766
14301 2771
14449 2776
14672 2781
14593 2786
14845 2791
14924 2796
14925 2801
14873 2806
15089 2811
15023 2816
15151 2821
15125 2826
15204 2831
15245 2836
15092 2841
15256 2846
15309 2851
15380 2856
15563 2861
15592 2866
15653 2871
15509 2876
15783 2881
15853 2886
15762 2891
15781 2896
15752 2901
15955 2906
16038 2911
16082 2916
16167 2921
16246 2926
16330 2931
16135 2936
16414 2941
16625 2946
16296 2951
16471 2956
16600 2961
16506 2966
16508 2971
16736 2976
16568 2981
16692 2986
16828 2991
16833 2996
17062 3001
17034 3006
17171 3011
17178 3016
17295 3021
17308 3026
17262 3031
17467 3036
17616 3041
17603 3046
17603 3051
17725 3056
17751 3061
17773 3066
17844 3071
17815 3076
18093 3081
18198 3086
17863 3091
18035 3096
18253 3101
18235 3106
18391 3111
18388 3116
18423 3121
18535 3126
18570 3131
18719 3136
18746 3141
18820 3146
18864 3151
18697 3156
18929 3161
19149 3166
19225 3171
19107 3176
19245 3181
19219 3186
19197 3191
19319 3196
19454 3201
19506 3206
19540 3211
19632 3216
19818 3221
19817 3226
20053 3231
19993 3236
20170 3241
20263 3246
20155 3251
20200 3256
20339 3261
20373 3266
20717 3271
20659 3276
20606 3281
20950 3286
20977 3291
20931 3296
21016 3301
20923 3306
21155 3311
21214 3316
21162 3321
21069 3326
21218 3331
21432 3336
21366 3341
21320 3346
21743 3351
21790 3356
21514 3361
21740 3366
22203 3371
21922 3376
21998 3381
22149 3386
22473 3391
21945 3396
22487 3401
22241 3406
22325 3411
22547 3416
22498 3421
22437 3426
22493 3431
22630 3436
22971 3441
22641 3446
22894 3451
23002 3456
22856 3461
22982 3466
24074 3471
23045 3476
23463 3481
23160 3486
23366 3491
23534 3496
23621 3501
23698 3506
23571 3511
23777 3516
23742 3521
23989 3526
23857 3531
24279 3536
24038 3541
24317 3546
24319 3551
24361 3556
24349 3561
24545 3566
24751 3571
24662 3576
24624 3581
24404 3586
24587 3591
24895 3596
24581 3601
25132 3606
25077 3611
25078 3616
25139 3621
25424 3626
25109 3631
25233 3636
25570 3641
25354 3646
25484 3651
25619 3656
25512 3661
25643 3666
26115 3671
25749 3676
25790 3681
25882 3686
25972 3691
26084 3696
26159 3701
26299 3706
26374 3711
26358 3716
26432 3721
26400 3726
26694 3731
26739 3736
26717 3741
26948 3746
26869 3751
27015 3756
27358 3761
26851 3766
27342 3771
27353 3776
27334 3781
27777 3786
27723 3791
27558 3796
27862 3801
27914 3806
28047 3811
28182 3816
27907 3821
27685 3826
28154 3831
28016 3836
27906 3841
28015 3846
28123 3851
28031 3856
28012 3861
28622 3866
28552 3871
28594 3876
28472 3881
28601 3886
28785 3891
28748 3896
28777 3901
28931 3906
28923 3911
29261 3916
29210 3921
29133 3926
29278 3931
29245 3936
29578 3941
29374 3946
29872 3951
29389 3956
29965 3961
29699 3966
29690 3971
30037 3976
30163 3981
30033 3986
29994 3991
30005 3996
30152 4001
29979 4006
30274 4011
30591 4016
30680 4021
30623 4026
31103 4031
30638 4036
30934 4041
31169 4046
31205 4051
31215 4056
31524 4061
31232 4066
31568 4071
31255 4076
31462 4081
31591 4086
31614 4091
31686 4096
31804 4101
31808 4106
32094 4111
32017 4116
32045 4121
32196 4126
32281 4131
32131 4136
32434 4141
32708 4146
32629 4151
32929 4156
32333 4161
33005 4166
32770 4171
33146 4176
33214 4181
33341 4186
33402 4191
33702 4196
33274 4201
33508 4206
33403 4211
33582 4216
33834 4221
33574 4226
34080 4231
34162 4236
34007 4241
34016 4246
34157 4251
34361 4256
34195 4261
34334 4266
34476 4271
34460 4276
35060 4281
34873 4286
34877 4291
34909 4296
35033 4301
35234 4306
35122 4311
35187 4316
35318 4321
35494 4326
35258 4331
35659 4336
35696 4341
36062 4346
35777 4351
35683 4356
35927 4361
35937 4366
35742 4371
36193 4376
36137 4381
36514 4386
36451 4391
36625 4396
36770 4401
36612 4406
36805 4411
37132 4416
36930 4421
36751 4426
37037 4431
37054 4436
37233 4441
37591 4446
37405 4451
37628 4456
37793 4461
37670 4466
37880 4471
38001 4476
38123 4481
38114 4486
38281 4491
38295 4496
38426 4501
38451 4506
38517 4511
38570 4516
38732 4521
38887 4526
38996 4531
39151 4536
39423 4541
39290 4546
39223 4551
39416 4556
39419 4561
39541 4566
39545 4571
39530 4576
39765 4581
39813 4586
39868 4591
39958 4596
40082 4601
40127 4606
40228 4611
40290 4616
40403 4621
40623 4626
40606 4631
40688 4636
40481 4641
40484 4646
40844 4651
41103 4656
41207 4661
41321 4666
41435 4671
41237 4676
41542 4681
41255 4686
41292 4691
41856 4696
41814 4701
41768 4706
42193 4711
41694 4716
42012 4721
42218 4726
42603 4731
42197 4736
42538 4741
42373 4746
42662 4751
42369 4756
42675 4761
42641 4766
42811 4771
42647 4776
42992 4781
43069 4786
43284 4791
43593 4796
43668 4801
43756 4806
43841 4811
43774 4816
43905 4821
43967 4826
43998 4831
43948 4836
44079 4841
43892 4846
44495 4851
44554 4856
44489 4861
44949 4866
44789 4871
44677 4876
44872 4881
45099 4886
45087 4891
44911 4896
45052 4901
44943 4906
45264 4911
45716 4916
45774 4921
46074 4926
46134 4931
45914 4936
45672 4941
46336 4946
46113 4951
46080 4956
46278 4961
46385 4966
46471 4971
46622 4976
46757 4981
46815 4986
47066 4991
47126 4996
47360 5001
47016 5006
47312 5011
47366 5016
47525 5021
47454 5026
47832 5031
48158 5036
47789 5041
48356 5046
48198 5051
47964 5056
48260 5061
48521 5066
48345 5071
48220 5076
48298 5081
48573 5086
48646 5091
48905 5096
48918 5101
48752 5106
49149 5111
49464 5116
49434 5121
49777 5126
49694 5131
49713 5136
49878 5141
49734 5146
49997 5151
50258 5156
50311 5161
50129 5166
50395 5171
50524 5176
50485 5181
50438 5186
50863 5191
51126 5196
51007 5201
50845 5206
51350 5211
51300 5216
51168 5221
51188 5226
51341 5231
51635 5236
51788 5241
52122 5246
52125 5251
52332 5256
52514 5261
52219 5266
52099 5271
52258 5276
52637 5281
52761 5286
52873 5291
52929 5296
53048 5301
53343 5306
53369 5311
53050 5316
53039 5321
53111 5326
53227 5331
53361 5336
53633 5341
54141 5346
54351 5351
53901 5356
54132 5361
54159 5366
54210 5371
54611 5376
54541 5381
54823 5386
54757 5391
55159 5396
55270 5401
55255 5406
55230 5411
55587 5416
55456 5421
55732 5426
55753 5431
55602 5436
55776 5441
55944 5446
56399 5451
56130 5456
56069 5461
56203 5466
56409 5471
56194 5476
56724 5481
56892 5486
57022 5491
57182 5496
57243 5501
57385 5506
57572 5511
57771 5516
57426 5521
57386 5526
57215 5531
57601 5536
57999 5541
57778 5546
57748 5551
57699 5556
57825 5561
57980 5566
58157 5571
58500 5576
58474 5581
58803 5586
58594 5591
58860 5596
59003 5601
59118 5606
59174 5611
59262 5616
59089 5621
59569 5626
59626 5631
59486 5636
59756 5641
59754 5646
60002 5651
60398 5656
60528 5661
60239 5666
60217 5671
60076 5676
60223 5681
60586 5686
60408 5691
60791 5696
60780 5701
61182 5706
61425 5711
61301 5716
61369 5721
61480 5726
61819 5731
62068 5736
61986 5741
62126 5746
61996 5751
62012 5756
62482 5761
62393 5766
62373 5771
62617 5776
62573 5781
63048 5786
63354 5791
63029 5796
63086 5801
63126 5806
63430 5811
63570 5816
63183 5821
64046 5826
63823 5831
63939 5836
63890 5841
64522 5846
64470 5851
64217 5856
64580 5861
64716 5866
64822 5871
64737 5876
64636 5881
65138 5886
65384 5891
65738 5896
65307 5901
65877 5906
65552 5911
65613 5916
65763 5921
66382 5926
66280 5931
66208 5936
66457 5941
66387 5946
66248 5951
66350 5956
66514 5961
66582 5966
66902 5971
66999 5976
67550 5981
67616 5986
67547 5991
67596 5996
68042 6001
67833 6006
68083 6011
68166 6016
67809 6021
67835 6026
68196 6031
68747 6036
68777 6041
68642 6046
69074 6051
68663 6056
68718 6061
68765 6066
68923 6071
69413 6076
69828 6081
70250 6086
69773 6091
69820 6096
69880 6101
69730 6106
69987 6111
70039 6116
70231 6121
70769 6126
70581 6131
70894 6136
70777 6141
71118 6146
70988 6151
70971 6156
71565 6161
71435 6166
71461 6171
71777 6176
71793 6181
71408 6186
71798 6191
72060 6196
72021 6201
72653 6206
72609 6211
72445 6216
72826 6221
72546 6226
73236 6231
73344 6236
73303 6241
73443 6246
73910 6251
73674 6256
73316 6261
73746 6266
74258 6271
74050 6276
74180 6281
73814 6286
74362 6291
74477 6296
74728 6301
74767 6306
75038 6311
74932 6316
75190 6321
75299 6326
75980 6331
75178 6336
75452 6341
75327 6346
75894 6351
75906 6356
75919 6361
76548 6366
76563 6371
76152 6376
76469 6381
76282 6386
76098 6391
76742 6396
77082 6401
77261 6406
77213 6411
77628 6416
77463 6421
77619 6426
77959 6431
77893 6436
78515 6441
78527 6446
77698 6451
78063 6456
78626 6461
78662 6466
78934 6471
78809 6476
78895 6481
78993 6486
79108 6491
79295 6496
79429 6501
79500 6506
80137 6511
79871 6516
79805 6521
80185 6526
80623 6531
80446 6536
80739 6541
80332 6546
80969 6551
80705 6556
80775 6561
80646 6566
81802 6571
81490 6576
81272 6581
81853 6586
82075 6591
81977 6596
81973 6601
82085 6606
82335 6611
81885 6616
82515 6621
82290 6626
82696 6631
83172 6636
83083 6641
82852 6646
82870 6651
83517 6656
83171 6661
83258 6666
83594 6671
83810 6676
83642 6681
83587 6686
84402 6691
83813 6696
84157 6701
84609 6706
84642 6711
84968 6716
84983 6721
85239 6726
85020 6731
85434 6736
85900 6741
85684 6746
85386 6751
85535 6756
85453 6761
86098 6766
86414 6771
86333 6776
86667 6781
86314 6786
86652 6791
86542 6796
87055 6801
87352 6806
87097 6811
87203 6816
87286 6821
87227 6826
87291 6831
87616 6836
88200 6841
88332 6846
88318 6851
88200 6856
88352 6861
89102 6866
89430 6871
89173 6876
89168 6881
88907 6886
89304 6891
89754 6896
89340 6901
89263 6906
89782 6911
89821 6916
89781 6921
90166 6926
89993 6931
90397 6936
90195 6941
90333 6946
90695 6951
91048 6956
91729 6961
91220 6966
91488 6971
91491 6976
91432 6981
91575 6986
92144 6991
91834 6996
92114 7001
91827 7006
91635 7011
92694 7016
92416 7021
92870 7026
92882 7031
93235 7036
93404 7041
93417 7046
93327 7051
93771 7056
93965 7061
93716 7066
93629 7071
93873 7076
94307 7081
94749 7086
94686 7091
94899 7096
94956 7101
95164 7106
95343 7111
95099 7116
94935 7121
95520 7126
95491 7131
95421 7136
95934 7141
96195 7146
96300 7151
96715 7156
96066 7161
96803 7166
96174 7171
96882 7176
97082 7181
97074 7186
96657 7191
97070 7196
97022 7201
97418 7206
98025 7211
97401 7216
97474 7221
98101 7226
98610 7231
98301 7236
98072 7241
98711 7246
98698 7251
98990 7256
98880 7261
98465 7266
99390 7271
99369 7276
99907 7281
99689 7286
99727 7291
99930 7296
100372 7301
100528 7306
100260 7311
100568 7316
100620 7321
100399 7326
100246 7331
101172 7336
101656 7341
101944 7346
101648 7351
101705 7356
101655 7361
101904 7366
101871 7371
102913 7376
102257 7381
102627 7386
102623 7391
102367 7396
102607 7401
103112 7406
103527 7411
103652 7416
103742 7421
103850 7426
104058 7431
104203 7436
104023 7441
103946 7446
104186 7451
104292 7456
104808 7461
104328 7466
104215 7471
104858 7476
105362 7481
105655 7486
105450 7491
105395 7496
106052 7501
106079 7506
106569 7511
106124 7516
106432 7521
105923 7526
105930 7531
106994 7536
106715 7541
107423 7546
107052 7551
107148 7556
107064 7561
107782 7566
107677 7571
107701 7576
108026 7581
107505 7586
107705 7591
108614 7596
108889 7601
108811 7606
109096 7611
108727 7616
109702 7621
109903 7626
110653 7631
109276 7636
109027 7641
109771 7646
110122 7651
109813 7656
109919 7661
110603 7666
110725 7671
110661 7676
110907 7681
111173 7686
111266 7691
111283 7696
111818 7701
111278 7706
111826 7711
112401 7716
111288 7721
111822 7726
111784 7731
112675 7736
112659 7741
113382 7746
112564 7751
113275 7756
113446 7761
113671 7766
113590 7771
113383 7776
113288 7781
114363 7786
114999 7791
114798 7796
114996 7801
115709 7806
115100 7811
115406 7816
115820 7821
115869 7826
115643 7831
116045 7836
115902 7841
116151 7846
116338 7851
116367 7856
116573 7861
116008 7866
116849 7871
116784 7876
117316 7881
117630 7886
118000 7891
118019 7896
117352 7901
117927 7906
118350 7911
118470 7916
118195 7921
118344 7926
118419 7931
118570 7936
119096 7941
118422 7946
119374 7951
119304 7956
119193 7961
119209 7966
119438 7971
120196 7976
120044 7981
120282 7986
120365 7991
120716 7996
121097 8001
121167 8006
120903 8011
120901 8016
121167 8021
121759 8026
121467 8031
121689 8036
121751 8041
122121 8046
122681 8051
122684 8056
122712 8061
122030 8066
122594 8071
123171 8076
122764 8081
123295 8086
123224 8091
123354 8096
123650 8101
123571 8106
123383 8111
123810 8116
123794 8121
123816 8126
123648 8131
124698 8136
124637 8141
125021 8146
124851 8151
125814 8156
124822 8161
126006 8166
125458 8171
125569 8176
125755 8181
126364 8186
125841 8191
126118 8196
126616 8201
126699 8206
127170 8211
127328 8216
129443 8221
127678 8226
127557 8231
127145 8236
127825 8241
127922 8246
128134 8251
128177 8256
127777 8261
128412 8266
128488 8271
129046 8276
129554 8281
129860 8286
129456 8291
130834 8296
129896 8301
129834 8306
130227 8311
130105 8316
129426 8321
130282 8326
130386 8331
130481 8336
130563 8341
130808 8346
130760 8351
131265 8356
131636 8361
131418 8366
130948 8371
132052 8376
131811 8381
132143 8386
132213 8391
132270 8396
132399 8401
137676 8406
132661 8411
132939 8416
133325 8421
133564 8426
133788 8431
133549 8436
133991 8441
134185 8446
134244 8451
135097 8456
133815 8461
134616 8466
135023 8471
134996 8476
134578 8481
135150 8486
135127 8491
135496 8496
135419 8501
135462 8506
135779 8511
135427 8516
136247 8521
136454 8526
136196 8531
136228 8536
137044 8541
137072 8546
137323 8551
137368 8556
137329 8561
138331 8566
137637 8571
138065 8576
138044 8581
138723 8586
138899 8591
138664 8596
142896 8601
138973 8606
139554 8611
138989 8616
139976 8621
140117 8626
140143 8631
139845 8636
140421 8641
139848 8646
140147 8651
140624 8656
140607 8661
140507 8666
141339 8671
140850 8676
141208 8681
141596 8686
141562 8691
142067 8696
141943 8701
142310 8706
142313 8711
143550 8716
143016 8721
142917 8726
146274 8731
146262 8736
146771 8741
145922 8746
146476 8751
146473 8756
146327 8761
147451 8766
147547 8771
147415 8776
147161 8781
147833 8786
147345 8791
148193 8796
148490 8801
147483 8806
148339 8811
149220 8816
149450 8821
148886 8826
149128 8831
149824 8836
149779 8841
149153 8846
149355 8851
150334 8856
149357 8861
150366 8866
151367 8871
150917 8876
150835 8881
151533 8886
150756 8891
151327 8896
151929 8901
151844 8906
152643 8911
152635 8916
152620 8921
152809 8926
152421 8931
152256 8936
152813 8941
153194 8946
152644 8951
154124 8956
153368 8961
153108 8966
153921 8971
154890 8976
155513 8981
154414 8986
154849 8991
155449 8996
155938 9001
155633 9006
154877 9011
155063 9016
155251 9021
155756 9026
155912 9031
156208 9036
157064 9041
156881 9046
156681 9051
156297 9056
156029 9061
157550 9066
157596 9071
157134 9076
157814 9081
158480 9086
157990 9091
157701 9096
158909 9101
158223 9106
158488 9111
158862 9116
160205 9121
159518 9126
160086 9131
158709 9136
159344 9141
158753 9146
160170 9151
159946 9156
160073 9161
160232 9166
160345 9171
160852 9176
160625 9181
161160 9186
162057 9191
161614 9196
161992 9201
161680 9206
162041 9211
162104 9216
163547 9221
162519 9226
162951 9231
163420 9236
163494 9241
162635 9246
162481 9251
162411 9256
164818 9261
165517 9266
164769 9271
165244 9276
164154 9281
165041 9286
164826 9291
164565 9296
164633 9301
164813 9306
165206 9311
166135 9316
166059 9321
165853 9326
166628 9331
166532 9336
166869 9341
167088 9346
167629 9351
166986 9356
167451 9361
167889 9366
168907 9371
168335 9376
168190 9381
167992 9386
169192 9391
168302 9396
169299 9401
169960 9406
168995 9411
169624 9416
170017 9421
170078 9426
170051 9431
169232 9436
170718 9441
170549 9446
170715 9451
170392 9456
170238 9461
170757 9466
171565 9471
171337 9476
171300 9481
171475 9486
172284 9491
172187 9496
172240 9501
173085 9506
173595 9511
172851 9516
173812 9521
173415 9526
173118 9531
173543 9536
173423 9541
174238 9546
173986 9551
174051 9556
175449 9561
173999 9566
175133 9571
174907 9576
175433 9581
175401 9586
175455 9591
176037 9596
175716 9601
177381 9606
176624 9611
176949 9616
176211 9621
176832 9626
177058 9631
176800 9636
177971 9641
178111 9646
178179 9651
177916 9656
178087 9661
178539 9666
179161 9671
177976 9676
179358 9681
179384 9686
179342 9691
179613 9696
179775 9701
181086 9706
180890 9711
180479 9716
180362 9721
181151 9726
181382 9731
181119 9736
181955 9741
182413 9746
182213 9751
182295 9756
182288 9761
182060 9766
181639 9771
182833 9776
182557 9781
184119 9786
183621 9791
183440 9796
183967 9801
183348 9806
183631 9811
184299 9816
185347 9821
184239 9826
184150 9831
185102 9836
185309 9841
184468 9846
185311 9851
185693 9856
185799 9861
185671 9866
186330 9871
185812 9876
186036 9881
186834 9886
187268 9891
186761 9896
186596 9901
186546 9906
187057 9911
188198 9916
188278 9921
188080 9926
187959 9931
188112 9936
188270 9941
188328 9946
188381 9951
188239 9956
188989 9961
188824 9966
188013 9971
187465 9976
186958 9981
187917 9986
187795 9991
187254 9996
