1 1
1 6
2 11
1 16
2 21
2 26
2 31
3 36
3 41
3 46
4 51
4 56
5 61
6 66
5 71
6 76
7 81
7 86
7 91
8 96
8 101
8 106
9 111
10 116
34 121
11 126
10 131
11 136
11 141
12 146
12 151
13 156
14 161
14 166
15 171
14 176
15 181
17 186
16 191
16 196
16 201
16 206
19 211
18 216
18 221
19 226
20 231
21 236
22 241
21 246
32 251
21 256
24 261
22 266
24 271
31 276
31 281
34 286
34 291
35 296
26 301
28 306
27 311
28 316
29 321
57 326
31 331
30 336
32 341
31 346
31 351
31 356
32 361
32 366
33 371
36 376
33 381
34 386
35 391
36 396
37 401
37 406
37 411
38 416
38 421
39 426
39 431
40 436
41 441
42 446
42 451
43 456
52 461
44 466
43 471
45 476
56 481
44 486
44 491
47 496
47 501
47 506
47 511
47 516
58 521
49 526
49 531
64 536
51 541
66 546
51 551
54 556
56 561
53 566
53 571
56 576
54 581
57 586
57 591
57 596
67 601
58 606
58 611
60 616
59 621
80 626
62 631
61 636
61 641
64 646
66 651
63 656
63 661
65 666
64 671
66 676
70 681
65 686
66 691
66 696
71 701
76 706
78 711
79 716
81 721
86 726
78 731
66 736
70 741
67 746
69 751
70 756
70 761
68 766
69 771
71 776
74 781
70 786
72 791
73 796
72 801
72 806
72 811
72 816
93 821
84 826
84 831
82 836
81 841
83 846
84 851
84 856
85 861
98 866
100 871
103 876
89 881
88 886
91 891
89 896
91 901
92 906
90 911
95 916
92 921
93 926
102 931
94 936
96 941
98 946
108 951
111 956
108 961
129 966
101 971
100 976
105 981
101 986
100 991
100 996
102 1001
103 1006
106 1011
106 1016
106 1021
105 1026
121 1031
118 1036
119 1041
125 1046
128 1051
96 1056
97 1061
98 1066
101 1071
99 1076
100 1081
101 1086
97 1091
100 1096
116 1101
114 1106
112 1111
118 1116
119 1121
120 1126
119 1131
115 1136
124 1141
133 1146
136 1151
136 1156
148 1161
114 1166
132 1171
109 1176
108 1181
111 1186
109 1191
115 1196
109 1201
121 1206
114 1211
121 1216
126 1221
124 1226
132 1231
124 1236
128 1241
133 1246
134 1251
137 1256
129 1261
131 1266
139 1271
176 1276
133 1281
131 1286
132 1291
137 1296
136 1301
137 1306
139 1311
155 1316
139 1321
138 1326
146 1331
140 1336
139 1341
145 1346
149 1351
154 1356
151 1361
157 1366
140 1371
144 1376
162 1381
155 1386
159 1391
154 1396
161 1401
167 1406
157 1411
159 1416
165 1421
150 1426
155 1431
166 1436
160 1441
161 1446
163 1451
156 1456
164 1461
156 1466
154 1471
160 1476
160 1481
156 1486
155 1491
188 1496
160 1501
159 1506
158 1511
161 1516
168 1521
169 1526
161 1531
166 1536
162 1541
164 1546
164 1551
169 1556
173 1561
168 1566
191 1571
208 1576
172 1581
175 1586
172 1591
171 1596
172 1601
174 1606
173 1611
200 1616
196 1621
202 1626
172 1631
175 1636
174 1641
191 1646
176 1651
198 1656
222 1661
193 1666
187 1671
177 1676
191 1681
198 1686
188 1691
185 1696
182 1701
190 1706
186 1711
189 1716
189 1721
209 1726
183 1731
187 1736
185 1741
187 1746
190 1751
201 1756
192 1761
197 1766
195 1771
192 1776
206 1781
193 1786
194 1791
195 1796
197 1801
203 1806
196 1811
196 1816
200 1821
205 1826
212 1831
228 1836
236 1841
181 1846
181 1851
181 1856
183 1861
189 1866
208 1871
202 1876
203 1881
204 1886
208 1891
232 1896
233 1901
243 1906
192 1911
204 1916
218 1921
237 1926
222 1931
261 1936
225 1941
223 1946
235 1951
228 1956
220 1961
244 1966
250 1971
228 1976
225 1981
228 1986
231 1991
225 1996
234 2001
217 2006
229 2011
221 2016
217 2021
237 2026
221 2031
222 2036
230 2041
230 2046
232 2051
262 2056
227 2061
238 2066
228 2071
237 2076
263 2081
255 2086
217 2091
210 2096
210 2101
211 2106
216 2111
233 2116
237 2121
236 2126
232 2131
235 2136
240 2141
233 2146
284 2151
275 2156
246 2161
217 2166
212 2171
248 2176
241 2181
246 2186
237 2191
241 2196
269 2201
271 2206
270 2211
221 2216
220 2221
222 2226
242 2231
246 2236
250 2241
263 2246
249 2251
256 2256
250 2261
256 2266
263 2271
259 2276
271 2281
353 2286
261 2291
267 2296
264 2301
262 2306
255 2311
268 2316
263 2321
259 2326
257 2331
287 2336
265 2341
275 2346
261 2351
281 2356
268 2361
260 2366
264 2371
264 2376
271 2381
266 2386
290 2391
268 2396
276 2401
267 2406
301 2411
298 2416
245 2421
243 2426
247 2431
245 2436
276 2441
276 2446
279 2451
270 2456
287 2461
276 2466
303 2471
314 2476
270 2481
259 2486
276 2491
288 2496
283 2501
290 2506
286 2511
333 2516
307 2521
291 2526
285 2531
295 2536
297 2541
321 2546
299 2551
309 2556
328 2561
284 2566
295 2571
299 2576
287 2581
316 2586
335 2591
297 2596
291 2601
307 2606
325 2611
330 2616
265 2621
273 2626
297 2631
307 2636
302 2641
296 2646
309 2651
337 2656
332 2661
271 2666
270 2671
287 2676
303 2681
299 2686
306 2691
339 2696
353 2701
277 2706
276 2711
278 2716
287 2721
321 2726
315 2731
323 2736
360 2741
306 2746
288 2751
293 2756
331 2761
315 2766
339 2771
351 2776
337 2781
321 2786
313 2791
319 2796
320 2801
316 2806
363 2811
350 2816
350 2821
336 2826
337 2831
324 2836
327 2841
320 2846
324 2851
333 2856
326 2861
354 2866
363 2871
330 2876
341 2881
330 2886
365 2891
345 2896
337 2901
329 2906
358 2911
372 2916
348 2921
296 2926
294 2931
330 2936
351 2941
337 2946
362 2951
395 2956
326 2961
346 2966
391 2971
441 2976
389 2981
370 2986
365 2991
343 2996
346 3001
347 3006
356 3011
369 3016
347 3021
346 3026
376 3031
404 3036
313 3041
315 3046
321 3051
374 3056
355 3061
353 3066
394 3071
379 3076
343 3081
317 3086
314 3091
380 3096
365 3101
372 3106
376 3111
414 3116
352 3121
371 3126
411 3131
355 3136
386 3141
371 3146
406 3151
391 3156
385 3161
363 3166
416 3171
372 3176
366 3181
367 3186
377 3191
371 3196
369 3201
392 3206
382 3211
406 3216
423 3221
390 3226
378 3231
386 3236
437 3241
384 3246
380 3251
376 3256
423 3261
401 3266
336 3271
353 3276
378 3281
378 3286
390 3291
429 3296
371 3301
342 3306
340 3311
378 3316
379 3321
414 3326
473 3331
350 3336
366 3341
354 3346
371 3351
394 3356
387 3361
393 3366
456 3371
393 3376
391 3381
452 3386
391 3391
400 3396
422 3401
414 3406
415 3411
422 3416
470 3421
408 3426
397 3431
413 3436
413 3441
405 3446
421 3451
451 3456
401 3461
409 3466
432 3471
465 3476
380 3481
368 3486
420 3491
406 3496
430 3501
473 3506
412 3511
414 3516
415 3521
422 3526
429 3531
436 3536
435 3541
418 3546
435 3551
430 3556
424 3561
406 3566
465 3571
414 3576
439 3581
468 3586
447 3591
420 3596
481 3601
446 3606
436 3611
435 3616
441 3621
422 3626
431 3631
423 3636
440 3641
429 3646
428 3651
442 3656
435 3661
429 3666
436 3671
454 3676
503 3681
455 3686
438 3691
429 3696
442 3701
448 3706
436 3711
477 3716
459 3721
484 3726
469 3731
441 3736
472 3741
451 3746
440 3751
435 3756
455 3761
494 3766
390 3771
408 3776
465 3781
445 3786
483 3791
500 3796
400 3801
411 3806
433 3811
454 3816
504 3821
490 3826
494 3831
481 3836
510 3841
446 3846
471 3851
456 3856
466 3861
454 3866
481 3871
474 3876
465 3881
468 3886
489 3891
480 3896
487 3901
465 3906
528 3911
499 3916
459 3921
488 3926
528 3931
481 3936
463 3941
542 3946
447 3951
424 3956
473 3961
487 3966
511 3971
511 3976
462 3981
417 3986
463 3991
468 3996
481 4001
550 4006
489 4011
522 4016
474 4021
492 4026
500 4031
531 4036
490 4041
515 4046
529 4051
487 4056
524 4061
504 4066
511 4071
514 4076
494 4081
524 4086
485 4091
491 4096
576 4101
487 4106
515 4111
533 4116
513 4121
513 4126
552 4131
519 4136
498 4141
491 4146
563 4151
458 4156
501 4161
510 4166
498 4171
496 4176
527 4181
550 4186
511 4191
512 4196
534 4201
522 4206
541 4211
572 4216
502 4221
498 4226
518 4231
520 4236
531 4241
525 4246
551 4251
481 4256
462 4261
475 4266
512 4271
519 4276
579 4281
525 4286
540 4291
544 4296
532 4301
510 4306
524 4311
515 4316
534 4321
522 4326
532 4331
547 4336
535 4341
471 4346
544 4351
532 4356
580 4361
574 4366
486 4371
520 4376
519 4381
629 4386
538 4391
523 4396
575 4401
551 4406
564 4411
533 4416
538 4421
586 4426
533 4431
530 4436
538 4441
533 4446
567 4451
535 4456
572 4461
533 4466
535 4471
576 4476
535 4481
574 4486
523 4491
477 4496
489 4501
560 4506
545 4511
544 4516
631 4521
492 4526
524 4531
547 4536
626 4541
547 4546
541 4551
563 4556
582 4561
575 4566
566 4571
556 4576
600 4581
557 4586
542 4591
613 4596
579 4601
586 4606
588 4611
579 4616
562 4621
606 4626
556 4631
579 4636
624 4641
534 4646
564 4651
609 4656
622 4661
588 4666
560 4671
595 4676
601 4681
561 4686
579 4691
568 4696
599 4701
588 4706
576 4711
571 4716
574 4721
569 4726
577 4731
568 4736
584 4741
588 4746
574 4751
564 4756
587 4761
576 4766
641 4771
649 4776
573 4781
583 4786
595 4791
593 4796
614 4801
604 4806
605 4811
573 4816
524 4821
597 4826
579 4831
687 4836
521 4841
523 4846
606 4851
659 4856
622 4861
608 4866
613 4871
591 4876
600 4881
677 4886
611 4891
650 4896
593 4901
598 4906
632 4911
598 4916
614 4921
642 4926
638 4931
606 4936
632 4941
606 4946
624 4951
619 4956
539 4961
619 4966
604 4971
694 4976
627 4981
683 4986
631 4991
662 4996
690 5001
542 5006
629 5011
627 5016
661 5021
614 5026
642 5031
611 5036
651 5041
610 5046
585 5051
622 5056
647 5061
664 5066
605 5071
644 5076
675 5081
623 5086
642 5091
628 5096
631 5101
635 5106
680 5111
648 5116
656 5121
636 5126
625 5131
634 5136
625 5141
629 5146
640 5151
700 5156
566 5161
601 5166
625 5171
706 5176
629 5181
552 5186
645 5191
674 5196
624 5201
617 5206
641 5211
725 5216
643 5221
663 5226
755 5231
641 5236
656 5241
667 5246
681 5251
674 5256
691 5261
607 5266
672 5271
670 5276
708 5281
709 5286
584 5291
599 5296
647 5301
692 5306
651 5311
655 5316
732 5321
640 5326
677 5331
667 5336
688 5341
706 5346
653 5351
668 5356
678 5361
665 5366
728 5371
586 5376
584 5381
662 5386
765 5391
598 5396
677 5401
677 5406
708 5411
662 5416
757 5421
707 5426
700 5431
672 5436
709 5441
701 5446
652 5451
733 5456
667 5461
722 5466
678 5471
757 5476
606 5481
662 5486
703 5491
750 5496
608 5501
632 5506
706 5511
763 5516
627 5521
708 5526
741 5531
733 5536
711 5541
788 5546
726 5551
694 5556
675 5561
702 5566
697 5571
751 5576
642 5581
618 5586
718 5591
693 5596
780 5601
615 5606
714 5611
719 5616
714 5621
623 5626
691 5631
751 5636
732 5641
710 5646
725 5651
712 5656
705 5661
716 5666
733 5671
703 5676
718 5681
702 5686
744 5691
706 5696
738 5701
727 5706
746 5711
695 5716
737 5721
710 5726
763 5731
694 5736
745 5741
745 5746
700 5751
731 5756
773 5761
731 5766
767 5771
766 5776
682 5781
663 5786
726 5791
782 5796
677 5801
676 5806
745 5811
758 5816
741 5821
827 5826
792 5831
749 5836
747 5841
758 5846
739 5851
725 5856
737 5861
809 5866
808 5871
653 5876
655 5881
767 5886
743 5891
799 5896
677 5901
720 5906
832 5911
663 5916
682 5921
742 5926
746 5931
837 5936
807 5941
788 5946
739 5951
734 5956
768 5961
749 5966
740 5971
744 5976
729 5981
818 5986
675 5991
656 5996
748 6001
798 6006
740 6011
688 6016
758 6021
869 6026
753 6031
770 6036
832 6041
828 6046
787 6051
760 6056
737 6061
741 6066
794 6071
760 6076
839 6081
739 6086
769 6091
788 6096
743 6101
732 6106
794 6111
801 6116
779 6121
787 6126
764 6131
753 6136
757 6141
786 6146
761 6151
761 6156
785 6161
780 6166
773 6171
808 6176
692 6181
784 6186
825 6191
693 6196
743 6201
802 6206
771 6211
854 6216
784 6221
778 6226
793 6231
844 6236
752 6241
839 6246
703 6251
741 6256
825 6261
761 6266
703 6271
754 6276
771 6281
863 6286
709 6291
794 6296
872 6301
781 6306
886 6311
798 6316
815 6321
857 6326
832 6331
828 6336
742 6341
744 6346
822 6351
824 6356
696 6361
783 6366
795 6371
898 6376
803 6381
794 6386
863 6391
710 6396
774 6401
897 6406
797 6411
851 6416
841 6421
878 6426
806 6431
845 6436
830 6441
762 6446
760 6451
816 6456
871 6461
737 6466
834 6471
906 6476
771 6481
925 6486
900 6491
819 6496
836 6501
838 6506
833 6511
904 6516
825 6521
901 6526
736 6531
806 6536
822 6541
896 6546
764 6551
848 6556
859 6561
881 6566
901 6571
813 6576
896 6581
891 6586
843 6591
825 6596
902 6601
828 6606
877 6611
762 6616
773 6621
864 6626
809 6631
793 6636
819 6641
867 6646
902 6651
897 6656
836 6661
853 6666
856 6671
917 6676
855 6681
864 6686
880 6691
869 6696
794 6701
801 6706
861 6711
865 6716
747 6721
875 6726
891 6731
789 6736
838 6741
834 6746
908 6751
863 6756
862 6761
844 6766
828 6771
904 6776
958 6781
856 6786
880 6791
882 6796
829 6801
863 6806
899 6811
880 6816
895 6821
914 6826
871 6831
898 6836
849 6841
917 6846
902 6851
882 6856
959 6861
794 6866
829 6871
968 6876
785 6881
858 6886
867 6891
841 6896
947 6901
849 6906
941 6911
884 6916
893 6921
874 6926
949 6931
992 6936
909 6941
903 6946
898 6951
906 6956
835 6961
826 6966
937 6971
903 6976
953 6981
935 6986
857 6991
937 6996
868 7001
978 7006
887 7011
944 7016
960 7021
931 7026
884 7031
948 7036
802 7041
892 7046
947 7051
835 7056
918 7061
918 7066
900 7071
961 7076
883 7081
941 7086
825 7091
888 7096
966 7101
916 7106
935 7111
960 7116
973 7121
944 7126
915 7131
925 7136
924 7141
906 7146
897 7151
921 7156
896 7161
953 7166
941 7171
1006 7176
949 7181
943 7186
977 7191
832 7196
911 7201
980 7206
842 7211
903 7216
905 7221
976 7226
928 7231
934 7236
874 7241
930 7246
1042 7251
919 7256
1078 7261
940 7266
918 7271
994 7276
941 7281
932 7286
953 7291
964 7296
908 7301
950 7306
917 7311
964 7316
914 7321
939 7326
1008 7331
1031 7336
928 7341
983 7346
998 7351
924 7356
966 7361
867 7366
980 7371
925 7376
971 7381
1045 7386
850 7391
914 7396
916 7401
1034 7406
871 7411
934 7416
985 7421
989 7426
1064 7431
999 7436
1026 7441
937 7446
944 7451
953 7456
961 7461
955 7466
956 7471
974 7476
955 7481
954 7486
946 7491
966 7496
961 7501
1055 7506
1015 7511
968 7516
956 7521
964 7526
954 7531
1033 7536
862 7541
939 7546
1057 7551
861 7556
943 7561
1027 7566
857 7571
973 7576
1007 7581
1029 7586
1192 7591
995 7596
991 7601
993 7606
952 7611
872 7616
958 7621
1086 7626
885 7631
977 7636
1006 7641
891 7646
984 7651
1034 7656
1008 7661
1033 7666
1000 7671
1112 7676
1058 7681
998 7686
1007 7691
1029 7696
901 7701
1015 7706
1063 7711
884 7716
1023 7721
1067 7726
1032 7731
1081 7736
975 7741
1022 7746
969 7751
1067 7756
1059 7761
974 7766
1032 7771
1037 7776
1076 7781
1004 7786
1035 7791
1001 7796
1072 7801
1044 7806
1003 7811
1022 7816
1000 7821
1016 7826
1040 7831
1050 7836
927 7841
997 7846
1106 7851
901 7856
1030 7861
1015 7866
1015 7871
1127 7876
1041 7881
1043 7886
1015 7891
1034 7896
1072 7901
1004 7906
1067 7911
989 7916
1056 7921
908 7926
1050 7931
1062 7936
889 7941
1001 7946
1019 7951
1116 7956
1030 7961
1034 7966
1036 7971
1041 7976
1066 7981
1016 7986
1031 7991
1020 7996
1011 8001
1129 8006
1061 8011
1025 8016
1019 8021
1049 8026
1023 8031
1090 8036
1079 8041
1101 8046
1053 8051
1070 8056
1080 8061
993 8066
1043 8071
1135 8076
1070 8081
1105 8086
1085 8091
1083 8096
1059 8101
1071 8106
1102 8111
924 8116
1030 8121
1077 8126
970 8131
1015 8136
1123 8141
1070 8146
1049 8151
1127 8156
995 8161
1085 8166
1105 8171
1192 8176
1088 8181
1116 8186
1104 8191
960 8196
1020 8201
1067 8206
1053 8211
1092 8216
1126 8221
1126 8226
1140 8231
953 8236
986 8241
1060 8246
1119 8251
1201 8256
1099 8261
1113 8266
1128 8271
972 8276
1119 8281
1071 8286
1042 8291
1064 8296
1099 8301
1090 8306
1070 8311
1178 8316
1035 8321
1125 8326
1084 8331
1136 8336
1086 8341
1091 8346
1077 8351
1089 8356
1082 8361
1146 8366
968 8371
1128 8376
1124 8381
1140 8386
1071 8391
1098 8396
1124 8401
1167 8406
1254 8411
1067 8416
1125 8421
1129 8426
1073 8431
1160 8436
1085 8441
1146 8446
1108 8451
1219 8456
1102 8461
1141 8466
998 8471
1052 8476
1127 8481
1088 8486
1114 8491
1156 8496
1082 8501
1180 8506
1007 8511
1122 8516
1137 8521
1161 8526
1124 8531
1190 8536
1150 8541
1152 8546
1045 8551
1124 8556
1102 8561
1081 8566
1173 8571
985 8576
1093 8581
1149 8586
1128 8591
1218 8596
1121 8601
1102 8606
1083 8611
1164 8616
1171 8621
1000 8626
1121 8631
1191 8636
1212 8641
1143 8646
1116 8651
1145 8656
1284 8661
1159 8666
1134 8671
1133 8676
1100 8681
1114 8686
1077 8691
1204 8696
1084 8701
1149 8706
1217 8711
1171 8716
1189 8721
1082 8726
1099 8731
1198 8736
1142 8741
1117 8746
1200 8751
1100 8756
1203 8761
1108 8766
1139 8771
1213 8776
1239 8781
1159 8786
1200 8791
1146 8796
1151 8801
1162 8806
1053 8811
1126 8816
1171 8821
1097 8826
1127 8831
1194 8836
1193 8841
1254 8846
1242 8851
1146 8856
1157 8861
1174 8866
1190 8871
1040 8876
1147 8881
1228 8886
1187 8891
1222 8896
1051 8901
1167 8906
1139 8911
1161 8916
1229 8921
1257 8926
1171 8931
1233 8936
1142 8941
1271 8946
1171 8951
1293 8956
1260 8961
1165 8966
1136 8971
1227 8976
1230 8981
1205 8986
1194 8991
1067 8996
1153 9001
1144 9006
1231 9011
1175 9016
1331 9021
1193 9026
1237 9031
1226 9036
1184 9041
1250 9046
1254 9051
1047 9056
1232 9061
1080 9066
1143 9071
1249 9076
1260 9081
1173 9086
1352 9091
1218 9096
1200 9101
1190 9106
1234 9111
1269 9116
1217 9121
1138 9126
1152 9131
1294 9136
1114 9141
1201 9146
1256 9151
1310 9156
1158 9161
1211 9166
1182 9171
1104 9176
1199 9181
1245 9186
1207 9191
1207 9196
1159 9201
1219 9206
1184 9211
1235 9216
1238 9221
1209 9226
1208 9231
1119 9236
1272 9241
1065 9246
1236 9251
1246 9256
1287 9261
1295 9266
1233 9271
1268 9276
1168 9281
1219 9286
1216 9291
1225 9296
1273 9301
1218 9306
1251 9311
1195 9316
1294 9321
1253 9326
1250 9331
1260 9336
1263 9341
1203 9346
1291 9351
1241 9356
1221 9361
1277 9366
1231 9371
1265 9376
1202 9381
1260 9386
1236 9391
1211 9396
1217 9401
1255 9406
1262 9411
1256 9416
1288 9421
1275 9426
1185 9431
1233 9436
1316 9441
1172 9446
1290 9451
1228 9456
1239 9461
1260 9466
1355 9471
1247 9476
1233 9481
1270 9486
1310 9491
1264 9496
1257 9501
1273 9506
1220 9511
1263 9516
1254 9521
1319 9526
1316 9531
1299 9536
1253 9541
1146 9546
1248 9551
1290 9556
1260 9561
1321 9566
1271 9571
1280 9576
1154 9581
1255 9586
1288 9591
1292 9596
1259 9601
1243 9606
1281 9611
1305 9616
1329 9621
1252 9626
1274 9631
1272 9636
1325 9641
1257 9646
1284 9651
1304 9656
1397 9661
1346 9666
1222 9671
1317 9676
1266 9681
1297 9686
1280 9691
1262 9696
1335 9701
1301 9706
1310 9711
1225 9716
1334 9721
1373 9726
1314 9731
1270 9736
1439 9741
1110 9746
1253 9751
1340 9756
1323 9761
1281 9766
1285 9771
1312 9776
1149 9781
1275 9786
1343 9791
1289 9796
1284 9801
1227 9806
1320 9811
1267 9816
1360 9821
1334 9826
1336 9831
1333 9836
1277 9841
1266 9846
1309 9851
1295 9856
1299 9861
1314 9866
1366 9871
1266 9876
1345 9881
1349 9886
1359 9891
1277 9896
1301 9901
1325 9906
1343 9911
1294 9916
1345 9921
1378 9926
1330 9931
1311 9936
1332 9941
1299 9946
1362 9951
1328 9956
1297 9961
1301 9966
1330 9971
1313 9976
1401 9981
1423 9986
1339 9991
1352 9996
