1 1
0 6
1 11
2 16
1 21
1 26
2 31
2 36
2 41
2 46
2 51
2 56
2 61
2 66
2 71
3 76
3 81
3 86
3 91
4 96
4 101
4 106
4 111
4 116
4 121
4 126
5 131
5 136
5 141
5 146
5 151
6 156
6 161
7 166
7 171
7 176
7 181
8 186
7 191
8 196
9 201
8 206
8 211
9 216
9 221
9 226
9 231
9 236
10 241
10 246
11 251
11 256
12 261
11 266
12 271
12 276
9 281
9 286
10 291
10 296
10 301
11 306
11 311
11 316
11 321
12 326
12 331
12 336
11 341
12 346
12 351
13 356
13 361
14 366
13 371
13 376
14 381
13 386
14 391
14 396
14 401
15 406
15 411
15 416
15 421
15 426
15 431
16 436
17 441
18 446
18 451
18 456
18 461
19 466
18 471
19 476
18 481
19 486
19 491
20 496
20 501
20 506
21 511
21 516
21 521
21 526
20 531
21 536
22 541
22 546
22 551
23 556
23 561
25 566
26 571
26 576
26 581
27 586
27 591
29 596
30 601
22 606
22 611
23 616
23 621
24 626
24 631
24 636
25 641
25 646
28 651
28 656
30 661
29 666
29 671
30 676
30 681
29 686
30 691
35 696
31 701
31 706
31 711
40 716
41 721
32 726
31 731
32 736
33 741
32 746
33 751
33 756
57 761
33 766
34 771
34 776
34 781
34 786
35 791
35 796
35 801
35 806
35 811
36 816
36 821
47 826
37 831
37 836
37 841
46 846
37 851
37 856
38 861
39 866
39 871
49 876
40 881
40 886
39 891
49 896
40 901
40 906
40 911
40 916
40 921
41 926
41 931
41 936
40 941
42 946
41 951
43 956
42 961
42 966
44 971
43 976
48 981
49 986
52 991
44 996
40 1001
41 1006
41 1011
44 1016
45 1021
46 1026
45 1031
46 1036
45 1041
46 1046
47 1051
47 1056
48 1061
48 1066
55 1071
55 1076
54 1081
59 1086
44 1091
45 1096
45 1101
44 1106
46 1111
45 1116
45 1121
51 1126
51 1131
52 1136
51 1141
52 1146
53 1151
59 1156
60 1161
61 1166
65 1171
48 1176
54 1181
55 1186
55 1191
67 1196
55 1201
55 1206
86 1211
57 1216
57 1221
56 1226
57 1231
57 1236
67 1241
58 1246
58 1251
59 1256
60 1261
59 1266
59 1271
61 1276
61 1281
61 1286
96 1291
61 1296
61 1301
62 1306
61 1311
65 1316
63 1321
71 1326
71 1331
66 1336
58 1341
58 1346
58 1351
59 1356
58 1361
78 1366
66 1371
66 1376
66 1381
66 1386
67 1391
75 1396
76 1401
83 1406
62 1411
61 1416
61 1421
62 1426
63 1431
63 1436
69 1441
69 1446
69 1451
70 1456
71 1461
71 1466
72 1471
71 1476
81 1481
74 1486
73 1491
72 1496
82 1501
82 1506
73 1511
74 1516
75 1521
74 1526
75 1531
75 1536
98 1541
76 1546
76 1551
76 1556
77 1561
75 1566
77 1571
77 1576
77 1581
78 1586
77 1591
78 1596
77 1601
77 1606
89 1611
79 1616
81 1621
90 1626
112 1631
80 1636
81 1641
81 1646
81 1651
82 1656
82 1661
91 1666
98 1671
82 1676
83 1681
84 1686
84 1691
84 1696
111 1701
84 1706
84 1711
96 1716
100 1721
78 1726
77 1731
85 1736
86 1741
86 1746
87 1751
87 1756
88 1761
98 1766
87 1771
88 1776
88 1781
90 1786
91 1791
90 1796
91 1801
89 1806
90 1811
91 1816
90 1821
91 1826
101 1831
128 1836
92 1841
105 1846
92 1851
92 1856
94 1861
96 1866
93 1871
94 1876
93 1881
94 1886
93 1891
95 1896
94 1901
95 1906
95 1911
95 1916
95 1921
95 1926
95 1931
95 1936
96 1941
96 1946
96 1951
95 1956
97 1961
97 1966
98 1971
98 1976
98 1981
98 1986
100 1991
103 1996
111 2001
99 2006
100 2011
101 2016
101 2021
133 2026
102 2031
102 2036
115 2041
101 2046
103 2051
105 2056
103 2061
107 2066
103 2071
103 2076
104 2081
105 2086
104 2091
106 2096
105 2101
106 2106
106 2111
107 2116
107 2121
106 2126
108 2131
108 2136
126 2141
108 2146
108 2151
115 2156
110 2161
109 2166
110 2171
110 2176
110 2181
111 2186
110 2191
111 2196
110 2201
121 2206
111 2211
124 2216
114 2221
129 2226
113 2231
115 2236
114 2241
114 2246
114 2251
113 2256
116 2261
117 2266
116 2271
116 2276
116 2281
117 2286
117 2291
117 2296
118 2301
119 2306
147 2311
118 2316
119 2321
120 2326
120 2331
120 2336
121 2341
131 2346
148 2351
134 2356
134 2361
122 2366
122 2371
123 2376
123 2381
138 2386
129 2391
123 2396
125 2401
128 2406
125 2411
124 2416
140 2421
113 2426
126 2431
125 2436
130 2441
142 2446
115 2451
114 2456
127 2461
145 2466
127 2471
128 2476
128 2481
130 2486
130 2491
129 2496
132 2501
131 2506
132 2511
132 2516
133 2521
131 2526
130 2531
154 2536
153 2541
133 2546
155 2551
147 2556
133 2561
145 2566
135 2571
158 2576
137 2581
149 2586
158 2591
123 2596
123 2601
124 2606
124 2611
139 2616
140 2621
139 2626
182 2631
139 2636
157 2641
136 2646
140 2651
140 2656
158 2661
167 2666
146 2671
142 2676
142 2681
143 2686
144 2691
144 2696
145 2701
144 2706
144 2711
143 2716
145 2721
145 2726
151 2731
147 2736
168 2741
155 2746
156 2751
159 2756
147 2761
148 2766
154 2771
178 2776
133 2781
149 2786
148 2791
148 2796
154 2801
151 2806
157 2811
183 2816
151 2821
150 2826
179 2831
152 2836
173 2841
147 2846
153 2851
155 2856
187 2861
154 2866
155 2871
155 2876
156 2881
155 2886
156 2891
156 2896
155 2901
168 2906
160 2911
166 2916
180 2921
174 2926
158 2931
159 2936
160 2941
158 2946
172 2951
164 2956
143 2961
144 2966
145 2971
161 2976
162 2981
160 2986
182 2991
162 2996
162 3001
164 3006
163 3011
163 3016
165 3021
164 3026
187 3031
185 3036
184 3041
166 3046
170 3051
190 3056
169 3061
166 3066
166 3071
166 3076
188 3081
150 3086
150 3091
170 3096
169 3101
179 3106
169 3111
214 3116
191 3121
171 3126
180 3131
176 3136
178 3141
172 3146
173 3151
172 3156
174 3161
172 3166
173 3171
173 3176
174 3181
174 3186
191 3191
175 3196
174 3201
197 3206
175 3211
182 3216
183 3221
158 3226
158 3231
185 3236
177 3241
177 3246
180 3251
206 3256
161 3261
178 3266
179 3271
179 3276
180 3281
180 3286
181 3291
179 3296
182 3301
181 3306
204 3311
163 3316
183 3321
183 3326
182 3331
207 3336
182 3341
227 3346
226 3351
184 3356
186 3361
201 3366
186 3371
186 3376
192 3381
215 3386
169 3391
167 3396
188 3401
187 3406
187 3411
211 3416
168 3421
206 3426
190 3431
189 3436
189 3441
193 3446
191 3451
191 3456
198 3461
190 3466
191 3471
193 3476
193 3481
218 3486
216 3491
208 3496
194 3501
194 3506
193 3511
201 3516
200 3521
196 3526
195 3531
197 3536
196 3541
196 3546
197 3551
197 3556
198 3561
198 3566
197 3571
197 3576
212 3581
223 3586
200 3591
202 3596
202 3601
200 3606
204 3611
229 3616
180 3621
180 3626
200 3631
202 3636
203 3641
207 3646
204 3651
203 3656
203 3661
203 3666
205 3671
203 3676
205 3681
205 3686
207 3691
207 3696
242 3701
205 3706
217 3711
218 3716
206 3721
207 3726
208 3731
220 3736
187 3741
188 3746
209 3751
209 3756
237 3761
189 3766
190 3771
212 3776
229 3781
200 3786
208 3791
223 3796
212 3801
213 3806
212 3811
213 3816
237 3821
213 3826
213 3831
214 3836
214 3841
215 3846
223 3851
229 3856
228 3861
215 3866
215 3871
216 3876
245 3881
195 3886
226 3891
218 3896
242 3901
214 3906
195 3911
218 3916
219 3921
220 3926
218 3931
221 3936
220 3941
221 3946
221 3951
220 3956
232 3961
222 3966
259 3971
224 3976
224 3981
235 3986
235 3991
222 3996
223 4001
224 4006
225 4011
246 4016
223 4021
248 4026
226 4031
227 4036
228 4041
227 4046
228 4051
226 4056
257 4061
251 4066
241 4071
229 4076
230 4081
257 4086
232 4091
229 4096
268 4101
208 4106
207 4111
233 4116
264 4121
209 4126
207 4131
232 4136
233 4141
294 4146
232 4151
253 4156
238 4161
233 4166
243 4171
235 4176
235 4181
240 4186
235 4191
302 4196
236 4201
236 4206
220 4211
214 4216
237 4221
244 4226
237 4231
239 4236
251 4241
294 4246
241 4251
239 4256
261 4261
240 4266
271 4271
243 4276
262 4281
242 4286
243 4291
275 4296
259 4301
244 4306
244 4311
245 4316
264 4321
245 4326
260 4331
221 4336
229 4341
247 4346
294 4351
248 4356
247 4361
246 4366
264 4371
223 4376
223 4381
250 4386
250 4391
265 4396
249 4401
311 4406
251 4411
248 4416
260 4421
261 4426
260 4431
279 4436
253 4441
251 4446
253 4451
257 4456
251 4461
252 4466
256 4471
255 4476
255 4481
255 4486
255 4491
257 4496
255 4501
275 4506
258 4511
266 4516
276 4521
259 4526
298 4531
232 4536
259 4541
258 4546
259 4551
258 4556
259 4561
261 4566
293 4571
260 4576
270 4581
266 4586
262 4591
261 4596
264 4601
263 4606
264 4611
266 4616
274 4621
273 4626
276 4631
294 4636
311 4641
265 4646
265 4651
268 4656
265 4661
291 4666
240 4671
266 4676
268 4681
294 4686
269 4691
270 4696
306 4701
243 4706
266 4711
270 4716
280 4721
271 4726
273 4731
300 4736
280 4741
273 4746
273 4751
312 4756
246 4761
245 4766
275 4771
273 4776
299 4781
284 4786
275 4791
309 4796
278 4801
309 4806
312 4811
274 4816
293 4821
302 4826
278 4831
279 4836
280 4841
321 4846
298 4851
308 4856
279 4861
286 4866
253 4871
282 4876
342 4881
316 4886
253 4891
282 4896
316 4901
301 4906
283 4911
285 4916
284 4921
286 4926
285 4931
285 4936
295 4941
284 4946
287 4951
335 4956
258 4961
285 4966
323 4971
258 4976
289 4981
290 4986
308 4991
301 4996
376 5001
289 5006
290 5011
290 5016
291 5021
290 5026
292 5031
292 5036
293 5041
290 5046
292 5051
293 5056
332 5061
264 5066
293 5071
342 5076
266 5081
294 5086
295 5091
345 5096
318 5101
297 5106
319 5111
297 5116
298 5121
342 5126
267 5131
299 5136
299 5141
328 5146
270 5151
299 5156
320 5161
302 5166
366 5171
301 5176
303 5181
322 5186
302 5191
316 5196
394 5201
315 5206
303 5211
305 5216
306 5221
355 5226
275 5231
314 5236
306 5241
363 5246
282 5251
329 5256
326 5261
307 5266
309 5271
343 5276
278 5281
311 5286
311 5291
351 5296
307 5301
311 5306
354 5311
281 5316
311 5321
359 5326
315 5331
323 5336
311 5341
318 5346
358 5351
313 5356
349 5361
315 5366
355 5371
285 5376
316 5381
315 5386
356 5391
284 5396
316 5401
356 5406
290 5411
317 5416
329 5421
318 5426
322 5431
354 5436
331 5441
321 5446
321 5451
294 5456
327 5461
333 5466
290 5471
291 5476
323 5481
349 5486
336 5491
384 5496
323 5501
324 5506
324 5511
325 5516
357 5521
336 5526
325 5531
335 5536
328 5541
359 5546
331 5551
328 5556
329 5561
338 5566
341 5571
331 5576
330 5581
329 5586
358 5591
321 5596
332 5601
371 5606
299 5611
330 5616
333 5621
334 5626
335 5631
334 5636
333 5641
407 5646
337 5651
336 5656
337 5661
346 5666
368 5671
368 5676
359 5681
309 5686
339 5691
378 5696
303 5701
338 5706
393 5711
305 5716
344 5721
350 5726
341 5731
342 5736
369 5741
352 5746
365 5751
341 5756
362 5761
362 5766
344 5771
373 5776
344 5781
385 5786
343 5791
345 5796
346 5801
346 5806
343 5811
381 5816
328 5821
348 5826
382 5831
345 5836
357 5841
358 5846
415 5851
355 5856
388 5861
351 5866
350 5871
382 5876
352 5881
351 5886
375 5891
351 5896
326 5901
412 5906
362 5911
354 5916
354 5921
354 5926
365 5931
417 5936
356 5941
385 5946
356 5951
320 5956
381 5961
410 5966
379 5971
379 5976
396 5981
378 5986
359 5991
405 5996
323 6001
360 6006
397 6011
379 6016
360 6021
351 6026
390 6031
390 6036
325 6041
372 6046
361 6051
372 6056
401 6061
364 6066
381 6071
364 6076
365 6081
403 6086
401 6091
328 6096
355 6101
367 6106
367 6111
367 6116
413 6121
366 6126
367 6131
393 6136
389 6141
370 6146
370 6151
387 6156
372 6161
401 6166
371 6171
383 6176
333 6181
372 6186
395 6191
392 6196
407 6201
364 6206
373 6211
373 6216
374 6221
373 6226
432 6231
349 6236
378 6241
337 6246
374 6251
375 6256
409 6261
380 6266
388 6271
426 6276
378 6281
378 6286
407 6291
379 6296
379 6301
381 6306
427 6311
346 6316
378 6321
366 6326
449 6331
391 6336
391 6341
392 6346
383 6351
415 6356
398 6361
344 6366
391 6371
384 6376
382 6381
387 6386
434 6391
346 6396
387 6401
432 6406
419 6411
387 6416
386 6421
388 6426
421 6431
379 6436
406 6441
348 6446
390 6451
389 6456
355 6461
393 6466
400 6471
428 6476
391 6481
444 6486
393 6491
405 6496
352 6501
394 6506
405 6511
410 6516
444 6521
355 6526
395 6531
490 6536
435 6541
396 6546
396 6551
398 6556
368 6561
357 6566
398 6571
452 6576
397 6581
419 6586
358 6591
398 6596
391 6601
430 6606
424 6611
425 6616
401 6621
414 6626
383 6631
440 6636
362 6641
403 6646
414 6651
363 6656
405 6661
414 6666
408 6671
413 6676
425 6681
462 6686
419 6691
406 6696
437 6701
365 6706
408 6711
365 6716
404 6721
408 6726
421 6731
411 6736
409 6741
444 6746
452 6751
368 6756
411 6761
436 6766
425 6771
412 6776
371 6781
412 6786
412 6791
422 6796
414 6801
415 6806
415 6811
411 6816
417 6821
465 6826
374 6831
415 6836
470 6841
455 6846
444 6851
434 6856
418 6861
419 6866
418 6871
419 6876
376 6881
418 6886
418 6891
430 6896
441 6901
425 6906
421 6911
469 6916
423 6921
445 6926
442 6931
472 6936
436 6941
438 6946
419 6951
431 6956
450 6961
444 6966
448 6971
425 6976
426 6981
426 6986
441 6991
466 6996
384 7001
457 7006
428 7011
428 7016
461 7021
425 7026
442 7031
385 7036
428 7041
429 7046
431 7051
434 7056
467 7061
431 7066
463 7071
452 7076
482 7081
433 7086
452 7091
466 7096
435 7101
495 7106
434 7111
391 7116
436 7121
456 7126
509 7131
484 7136
458 7141
442 7146
407 7151
438 7156
440 7161
462 7166
445 7171
393 7176
440 7181
396 7186
456 7191
446 7196
494 7201
440 7206
453 7211
441 7216
443 7221
443 7226
443 7231
462 7236
458 7241
465 7246
455 7251
508 7256
448 7261
416 7266
449 7271
497 7276
463 7281
474 7286
448 7291
461 7296
446 7301
453 7306
477 7311
472 7316
494 7321
461 7326
484 7331
450 7336
448 7341
452 7346
450 7351
454 7356
471 7361
451 7366
455 7371
453 7376
454 7381
465 7386
453 7391
496 7396
468 7401
431 7406
456 7411
409 7416
456 7421
409 7426
458 7431
475 7436
496 7441
467 7446
489 7451
458 7456
471 7461
459 7466
508 7471
466 7476
516 7481
492 7486
471 7491
478 7496
462 7501
464 7506
461 7511
417 7516
464 7521
418 7526
460 7531
466 7536
501 7541
490 7546
467 7551
464 7556
464 7561
466 7566
468 7571
474 7576
468 7581
468 7586
433 7591
473 7596
467 7601
527 7606
539 7611
511 7616
507 7621
470 7626
468 7631
471 7636
477 7641
477 7646
472 7651
474 7656
499 7661
473 7666
544 7671
568 7676
502 7681
533 7686
426 7691
473 7696
506 7701
484 7706
491 7711
488 7716
509 7721
510 7726
505 7731
481 7736
538 7741
488 7746
539 7751
430 7756
479 7761
479 7766
496 7771
480 7776
521 7781
491 7786
481 7791
482 7796
482 7801
481 7806
502 7811
484 7816
515 7821
483 7826
504 7831
485 7836
507 7841
570 7846
482 7851
489 7856
444 7861
491 7866
496 7871
488 7876
487 7881
489 7886
452 7891
494 7896
527 7901
491 7906
498 7911
488 7916
516 7921
492 7926
550 7931
564 7936
516 7941
535 7946
522 7951
443 7956
497 7961
550 7966
526 7971
507 7976
562 7981
496 7986
502 7991
526 7996
503 8001
445 8006
500 8011
567 8016
496 8021
520 8026
497 8031
497 8036
499 8041
496 8046
527 8051
498 8056
501 8061
462 8066
516 8071
532 8076
528 8081
504 8086
524 8091
504 8096
531 8101
588 8106
526 8111
503 8116
509 8121
533 8126
489 8131
506 8136
524 8141
515 8146
526 8151
576 8156
456 8161
508 8166
456 8171
516 8176
519 8181
509 8186
471 8191
509 8196
519 8201
513 8206
512 8211
546 8216
458 8221
562 8226
459 8231
515 8236
511 8241
511 8246
513 8251
510 8256
517 8261
520 8266
462 8271
514 8276
516 8281
559 8286
517 8291
523 8296
463 8301
514 8306
531 8311
565 8316
519 8321
524 8326
567 8331
519 8336
540 8341
518 8346
519 8351
525 8356
466 8361
548 8366
469 8371
573 8376
534 8381
527 8386
521 8391
539 8396
525 8401
560 8406
570 8411
555 8416
487 8421
591 8426
471 8431
526 8436
548 8441
576 8446
564 8451
553 8456
559 8461
476 8466
522 8471
596 8476
620 8481
528 8486
531 8491
595 8496
543 8501
531 8506
545 8511
531 8516
560 8521
496 8526
532 8531
532 8536
531 8541
533 8546
606 8551
533 8556
540 8561
552 8566
610 8571
567 8576
536 8581
537 8586
537 8591
539 8596
634 8601
535 8606
482 8611
552 8616
577 8621
579 8626
526 8631
552 8636
544 8641
567 8646
543 8651
555 8656
543 8661
561 8666
542 8671
568 8676
621 8681
514 8686
543 8691
520 8696
616 8701
633 8706
569 8711
545 8716
595 8721
545 8726
547 8731
568 8736
491 8741
645 8746
627 8751
598 8756
632 8761
549 8766
551 8771
494 8776
550 8781
560 8786
552 8791
594 8796
552 8801
494 8806
551 8811
592 8816
595 8821
534 8826
567 8831
555 8836
572 8841
608 8846
574 8851
556 8856
556 8861
555 8866
610 8871
613 8876
519 8881
557 8886
594 8891
609 8896
569 8901
567 8906
579 8911
594 8916
574 8921
525 8926
578 8931
667 8936
628 8941
562 8946
515 8951
562 8956
506 8961
561 8966
542 8971
572 8976
579 8981
575 8986
585 8991
565 8996
566 9001
536 9006
565 9011
510 9016
566 9021
551 9026
567 9031
604 9036
569 9041
612 9046
594 9051
570 9056
512 9061
571 9066
512 9071
635 9076
514 9081
587 9086
611 9091
572 9096
610 9101
585 9106
573 9111
513 9116
598 9121
586 9126
575 9131
643 9136
601 9141
576 9146
519 9151
622 9156
519 9161
578 9166
518 9171
642 9176
616 9181
628 9186
588 9191
518 9196
604 9201
525 9206
614 9211
609 9216
638 9221
611 9226
658 9231
719 9236
602 9241
641 9246
587 9251
582 9256
581 9261
603 9266
586 9271
595 9276
586 9281
606 9286
622 9291
623 9296
599 9301
585 9306
605 9311
587 9316
605 9321
595 9326
591 9331
591 9336
589 9341
589 9346
653 9351
637 9356
558 9361
592 9366
592 9371
611 9376
555 9381
654 9386
606 9391
656 9396
595 9401
603 9406
603 9411
616 9416
630 9421
595 9426
591 9431
597 9436
621 9441
628 9446
571 9451
675 9456
597 9461
668 9466
687 9471
685 9476
661 9481
598 9486
541 9491
599 9496
558 9501
618 9506
657 9511
653 9516
600 9521
674 9526
628 9531
590 9536
598 9541
604 9546
642 9551
605 9556
646 9561
603 9566
609 9571
661 9576
607 9581
551 9586
694 9591
667 9596
675 9601
607 9606
627 9611
672 9616
592 9621
547 9626
609 9631
619 9636
657 9641
645 9646
612 9651
613 9656
556 9661
632 9666
551 9671
616 9676
614 9681
632 9686
615 9691
636 9696
592 9701
605 9706
675 9711
618 9716
676 9721
617 9726
652 9731
618 9736
618 9741
555 9746
619 9751
599 9756
661 9761
658 9766
624 9771
633 9776
664 9781
590 9786
624 9791
560 9796
623 9801
644 9806
667 9811
623 9816
646 9821
623 9826
624 9831
573 9836
644 9841
563 9846
627 9851
680 9856
625 9861
627 9866
667 9871
663 9876
629 9881
577 9886
704 9891
664 9896
630 9901
633 9906
585 9911
696 9916
612 9921
690 9926
635 9931
660 9936
633 9941
634 9946
644 9951
633 9956
646 9961
634 9966
638 9971
662 9976
636 9981
653 9986
645 9991
650 9996
