1 1
0 6
2 11
2 16
2 21
1 26
2 31
3 36
3 41
3 46
3 51
3 56
4 61
5 66
4 71
5 76
6 81
6 86
7 91
7 96
7 101
7 106
7 111
8 116
8 121
8 126
9 131
10 136
10 141
10 146
16 151
11 156
11 161
11 166
13 171
12 176
13 181
14 186
16 191
14 196
15 201
15 206
15 211
16 216
16 221
16 226
17 231
17 236
18 241
18 246
19 251
37 256
20 261
20 266
21 271
21 276
21 281
21 286
22 291
23 296
24 301
22 306
24 311
25 316
25 321
25 326
25 331
26 336
27 341
26 346
26 351
27 356
28 361
28 366
30 371
29 376
32 381
30 386
32 391
32 396
32 401
31 406
32 411
31 416
33 421
33 426
34 431
34 436
36 441
35 446
37 451
36 456
37 461
37 466
38 471
39 476
38 481
39 486
41 491
40 496
40 501
41 506
41 511
43 516
41 521
42 526
43 531
43 536
44 541
45 546
45 551
45 556
48 561
53 566
52 571
54 576
56 581
55 586
55 591
59 596
47 601
44 606
46 611
45 616
46 621
47 626
53 631
58 636
55 641
53 646
53 651
56 656
55 661
56 666
57 671
59 676
58 681
58 686
59 691
61 696
59 701
60 706
68 711
68 716
69 721
69 726
70 731
71 736
75 741
70 746
58 751
58 756
58 761
59 766
60 771
62 776
65 781
66 786
70 791
69 796
69 801
71 806
70 811
71 816
70 821
72 826
71 831
91 836
70 841
74 846
73 851
75 856
74 861
77 866
76 871
76 876
76 881
95 886
104 891
79 896
78 901
82 906
80 911
81 916
81 921
81 926
81 931
82 936
82 941
83 946
82 951
84 956
84 961
83 966
85 971
86 976
87 981
85 986
91 991
87 996
108 1001
89 1006
92 1011
90 1016
93 1021
93 1026
93 1031
93 1036
93 1041
95 1046
96 1051
94 1056
93 1061
98 1066
111 1071
109 1076
96 1081
100 1086
96 1091
100 1096
98 1101
98 1106
100 1111
99 1116
107 1121
100 1126
101 1131
102 1136
131 1141
103 1146
138 1151
105 1156
108 1161
103 1166
109 1171
106 1176
106 1181
106 1186
108 1191
109 1196
110 1201
110 1206
108 1211
109 1216
109 1221
110 1226
111 1231
112 1236
113 1241
113 1246
113 1251
119 1256
134 1261
117 1266
115 1271
115 1276
117 1281
117 1286
123 1291
117 1296
121 1301
120 1306
117 1311
127 1316
123 1321
121 1326
126 1331
122 1336
123 1341
124 1346
126 1351
124 1356
144 1361
140 1366
165 1371
126 1376
126 1381
126 1386
128 1391
126 1396
129 1401
133 1406
132 1411
128 1416
149 1421
147 1426
150 1431
154 1436
122 1441
134 1446
135 1451
144 1456
136 1461
137 1466
160 1471
135 1476
179 1481
141 1486
139 1491
139 1496
140 1501
140 1506
140 1511
141 1516
141 1521
139 1526
141 1531
140 1536
142 1541
142 1546
144 1551
145 1556
144 1561
166 1566
145 1571
145 1576
146 1581
147 1586
148 1591
147 1596
150 1601
154 1606
157 1611
153 1616
154 1621
152 1626
156 1631
153 1636
153 1641
152 1646
155 1651
179 1656
154 1661
158 1666
159 1671
158 1676
163 1681
162 1686
159 1691
157 1696
164 1701
160 1706
160 1711
159 1716
161 1721
166 1726
166 1731
164 1736
191 1741
164 1746
166 1751
166 1756
169 1761
167 1766
181 1771
195 1776
191 1781
151 1786
153 1791
155 1796
153 1801
155 1806
155 1811
163 1816
156 1821
188 1826
181 1831
177 1836
176 1841
176 1846
180 1851
180 1856
176 1861
179 1866
199 1871
203 1876
203 1881
159 1886
165 1891
171 1896
187 1901
183 1906
186 1911
181 1916
183 1921
187 1926
187 1931
195 1936
185 1941
188 1946
186 1951
190 1956
222 1961
193 1966
186 1971
192 1976
191 1981
195 1986
191 1991
197 1996
217 2001
227 2006
187 2011
175 2016
176 2021
174 2026
178 2031
176 2036
181 2041
199 2046
199 2051
199 2056
197 2061
198 2066
201 2071
200 2076
198 2081
223 2086
236 2091
207 2096
208 2101
204 2106
202 2111
210 2116
215 2121
256 2126
210 2131
208 2136
207 2141
207 2146
209 2151
208 2156
214 2161
236 2166
236 2171
209 2176
219 2181
211 2186
212 2191
211 2196
234 2201
242 2206
239 2211
194 2216
197 2221
218 2226
218 2231
222 2236
237 2241
220 2246
225 2251
232 2256
237 2261
234 2266
224 2271
222 2276
230 2281
222 2286
222 2291
224 2296
248 2301
225 2306
224 2311
225 2316
229 2321
230 2326
262 2331
256 2336
209 2341
210 2346
212 2351
206 2356
224 2361
231 2366
231 2371
231 2376
236 2381
241 2386
233 2391
234 2396
238 2401
237 2406
241 2411
241 2416
268 2421
233 2426
237 2431
287 2436
241 2441
241 2446
241 2451
242 2456
244 2461
244 2466
246 2471
269 2476
243 2481
253 2486
248 2491
243 2496
255 2501
280 2506
237 2511
246 2516
271 2521
255 2526
256 2531
252 2536
247 2541
253 2546
257 2551
253 2556
252 2561
261 2566
258 2571
258 2576
269 2581
274 2586
260 2591
262 2596
299 2601
291 2606
231 2611
244 2616
241 2621
230 2626
234 2631
243 2636
291 2641
268 2646
274 2651
267 2656
275 2661
294 2666
285 2671
232 2676
250 2681
241 2686
269 2691
273 2696
269 2701
287 2706
273 2711
272 2716
274 2721
299 2726
307 2731
277 2736
289 2741
282 2746
272 2751
332 2756
273 2761
273 2766
277 2771
281 2776
278 2781
282 2786
298 2791
279 2796
287 2801
284 2806
288 2811
281 2816
290 2821
290 2826
285 2831
278 2836
284 2841
279 2846
285 2851
300 2856
330 2861
257 2866
257 2871
259 2876
259 2881
263 2886
288 2891
288 2896
291 2901
294 2906
298 2911
346 2916
302 2921
295 2926
290 2931
317 2936
299 2941
301 2946
297 2951
318 2956
331 2961
273 2966
266 2971
272 2976
294 2981
298 2986
305 2991
306 2996
364 3001
305 3006
329 3011
345 3016
286 3021
299 3026
308 3031
315 3036
310 3041
306 3046
337 3051
322 3056
310 3061
302 3066
334 3071
308 3076
309 3081
322 3086
336 3091
341 3096
284 3101
293 3106
284 3111
320 3116
318 3121
318 3126
335 3131
361 3136
287 3141
287 3146
319 3151
319 3156
317 3161
323 3166
386 3171
328 3176
319 3181
330 3186
330 3191
324 3196
348 3201
328 3206
331 3211
325 3216
352 3221
339 3226
324 3231
344 3236
365 3241
388 3246
329 3251
337 3256
330 3261
332 3266
340 3271
335 3276
356 3281
335 3286
339 3291
335 3296
337 3301
366 3306
358 3311
306 3316
305 3321
355 3326
340 3331
339 3336
352 3341
387 3346
348 3351
346 3356
346 3361
369 3366
343 3371
345 3376
348 3381
350 3386
347 3391
348 3396
347 3401
352 3406
343 3411
357 3416
355 3421
390 3426
356 3431
320 3436
340 3441
352 3446
353 3451
366 3456
395 3461
351 3466
354 3471
353 3476
391 3481
354 3486
372 3491
359 3496
364 3501
373 3506
389 3511
323 3516
375 3521
369 3526
364 3531
362 3536
393 3541
421 3546
330 3551
360 3556
363 3561
373 3566
376 3571
414 3576
407 3581
351 3586
373 3591
391 3596
381 3601
367 3606
425 3611
375 3616
383 3621
370 3626
410 3631
402 3636
378 3641
375 3646
390 3651
381 3656
398 3661
396 3666
380 3671
379 3676
383 3681
380 3686
376 3691
423 3696
382 3701
382 3706
382 3711
382 3716
391 3721
378 3726
398 3731
387 3736
411 3741
382 3746
380 3751
385 3756
387 3761
396 3766
442 3771
416 3776
399 3781
391 3786
430 3791
419 3796
357 3801
356 3806
409 3811
394 3816
390 3821
413 3826
406 3831
404 3836
403 3841
436 3846
405 3851
452 3856
361 3861
361 3866
365 3871
358 3876
410 3881
410 3886
401 3891
402 3896
408 3901
433 3906
423 3911
419 3916
413 3921
458 3926
415 3931
429 3936
407 3941
479 3946
418 3951
411 3956
409 3961
412 3966
419 3971
409 3976
442 3981
413 3986
435 3991
416 3996
420 4001
413 4006
419 4011
417 4016
421 4021
457 4026
395 4031
380 4036
375 4041
406 4046
419 4051
421 4056
423 4061
461 4066
458 4071
389 4076
450 4081
425 4086
436 4091
487 4096
460 4101
386 4106
397 4111
429 4116
430 4121
442 4126
438 4131
451 4136
442 4141
495 4146
443 4151
439 4156
443 4161
430 4166
439 4171
459 4176
441 4181
436 4186
446 4191
463 4196
488 4201
429 4206
446 4211
456 4216
525 4221
402 4226
394 4231
401 4236
447 4241
443 4246
443 4251
472 4256
471 4261
401 4266
459 4271
444 4276
448 4281
520 4286
446 4291
479 4296
480 4301
454 4306
461 4311
462 4316
484 4321
473 4326
484 4331
454 4336
457 4341
454 4346
469 4351
458 4356
477 4361
458 4366
460 4371
526 4376
423 4381
420 4386
453 4391
467 4396
478 4401
466 4406
498 4411
447 4416
472 4421
460 4426
473 4431
472 4436
466 4441
512 4446
498 4451
473 4456
465 4461
472 4466
468 4471
467 4476
498 4481
477 4486
471 4491
478 4496
489 4501
471 4506
509 4511
492 4516
490 4521
506 4526
477 4531
501 4536
482 4541
493 4546
517 4551
462 4556
437 4561
457 4566
483 4571
491 4576
479 4581
489 4586
486 4591
498 4596
498 4601
487 4606
480 4611
499 4616
482 4621
506 4626
502 4631
490 4636
502 4641
483 4646
523 4651
498 4656
504 4661
496 4666
560 4671
490 4676
508 4681
500 4686
498 4691
558 4696
523 4701
515 4706
529 4711
510 4716
558 4721
474 4726
498 4731
570 4736
516 4741
518 4746
502 4751
507 4756
526 4761
515 4766
525 4771
506 4776
502 4781
509 4786
525 4791
505 4796
509 4801
512 4806
512 4811
547 4816
525 4821
535 4826
534 4831
512 4836
535 4841
518 4846
565 4851
483 4856
466 4861
478 4866
529 4871
520 4876
527 4881
548 4886
521 4891
560 4896
535 4901
547 4906
525 4911
527 4916
555 4921
542 4926
537 4931
536 4936
521 4941
561 4946
561 4951
535 4956
597 4961
528 4966
543 4971
551 4976
538 4981
528 4986
548 4991
548 4996
607 5001
538 5006
543 5011
535 5016
545 5021
554 5026
536 5031
538 5036
605 5041
484 5046
514 5051
550 5056
616 5061
540 5066
543 5071
574 5076
551 5081
542 5086
586 5091
537 5096
515 5101
547 5106
565 5111
602 5116
551 5121
567 5126
610 5131
544 5136
557 5141
565 5146
575 5151
548 5156
571 5161
579 5166
562 5171
527 5176
558 5181
578 5186
555 5191
573 5196
593 5201
565 5206
582 5211
574 5216
567 5221
619 5226
568 5231
567 5236
606 5241
542 5246
549 5251
569 5256
573 5261
604 5266
570 5271
595 5276
563 5281
627 5286
527 5291
515 5296
591 5301
600 5306
570 5311
665 5316
621 5321
591 5326
610 5331
578 5336
578 5341
618 5346
591 5351
618 5356
569 5361
582 5366
591 5371
612 5376
574 5381
660 5386
523 5391
583 5396
593 5401
629 5406
577 5411
518 5416
591 5421
600 5426
639 5431
609 5436
634 5441
585 5446
596 5451
661 5456
592 5461
607 5466
595 5471
587 5476
592 5481
591 5486
605 5491
587 5496
595 5501
596 5506
614 5511
589 5516
607 5521
654 5526
544 5531
570 5536
595 5541
602 5546
606 5551
594 5556
629 5561
613 5566
653 5571
610 5576
652 5581
602 5586
627 5591
655 5596
610 5601
629 5606
660 5611
620 5616
602 5621
627 5626
627 5631
665 5636
565 5641
559 5646
612 5651
607 5656
619 5661
624 5666
693 5671
620 5676
612 5681
621 5686
660 5691
606 5696
620 5701
688 5706
562 5711
598 5716
615 5721
661 5726
661 5731
616 5736
651 5741
644 5746
673 5751
551 5756
565 5761
650 5766
670 5771
670 5776
623 5781
659 5786
695 5791
639 5796
636 5801
649 5806
635 5811
652 5816
652 5821
625 5826
688 5831
643 5836
645 5841
633 5846
669 5851
685 5856
569 5861
564 5866
595 5871
661 5876
639 5881
679 5886
572 5891
650 5896
673 5901
649 5906
698 5911
670 5916
644 5921
664 5926
646 5931
656 5936
657 5941
647 5946
650 5951
649 5956
675 5961
646 5966
656 5971
656 5976
671 5981
693 5986
612 5991
607 5996
677 6001
692 6006
647 6011
666 6016
677 6021
647 6026
701 6031
653 6036
652 6041
677 6046
714 6051
667 6056
664 6061
683 6066
687 6071
664 6076
731 6081
646 6086
673 6091
712 6096
658 6101
745 6106
666 6111
674 6116
676 6121
697 6126
672 6131
697 6136
632 6141
641 6146
682 6151
714 6156
691 6161
690 6166
679 6171
732 6176
609 6181
600 6186
677 6191
693 6196
685 6201
752 6206
675 6211
708 6216
675 6221
731 6226
684 6231
744 6236
698 6241
684 6246
705 6251
682 6256
781 6261
609 6266
685 6271
689 6276
727 6281
631 6286
674 6291
700 6296
693 6301
735 6306
650 6311
697 6316
709 6321
686 6326
711 6331
694 6336
691 6341
688 6346
713 6351
688 6356
719 6361
700 6366
727 6371
700 6376
713 6381
706 6386
728 6391
724 6396
700 6401
729 6406
716 6411
700 6416
715 6421
696 6426
728 6431
700 6436
701 6441
711 6446
728 6451
708 6456
698 6461
702 6466
721 6471
711 6476
723 6481
697 6486
696 6491
722 6496
747 6501
731 6506
728 6511
712 6516
721 6521
725 6526
761 6531
708 6536
717 6541
716 6546
743 6551
729 6556
717 6561
726 6566
748 6571
772 6576
643 6581
651 6586
740 6591
736 6596
805 6601
653 6606
759 6611
757 6616
738 6621
768 6626
737 6631
730 6636
766 6641
783 6646
732 6651
742 6656
745 6661
770 6666
732 6671
741 6676
762 6681
734 6686
803 6691
666 6696
657 6701
748 6706
735 6711
805 6716
702 6721
745 6726
799 6731
753 6736
795 6741
752 6746
743 6751
773 6756
837 6761
776 6766
741 6771
768 6776
746 6781
752 6786
744 6791
816 6796
750 6801
784 6806
771 6811
766 6816
755 6821
749 6826
783 6831
762 6836
770 6841
746 6846
778 6851
762 6856
773 6861
713 6866
758 6871
758 6876
815 6881
727 6886
783 6891
764 6896
775 6901
830 6906
785 6911
783 6916
773 6921
852 6926
755 6931
782 6936
787 6941
777 6946
829 6951
698 6956
749 6961
790 6966
786 6971
702 6976
786 6981
771 6986
859 6991
761 6996
780 7001
837 7006
770 7011
822 7016
787 7021
823 7026
749 7031
788 7036
787 7041
803 7046
800 7051
770 7056
781 7061
834 7066
788 7071
881 7076
705 7081
771 7086
785 7091
837 7096
763 7101
809 7106
841 7111
791 7116
839 7121
813 7126
819 7131
812 7136
807 7141
813 7146
838 7151
818 7156
836 7161
812 7166
846 7171
793 7176
797 7181
800 7186
809 7191
805 7196
788 7201
816 7206
805 7211
871 7216
725 7221
789 7226
800 7231
865 7236
769 7241
855 7246
809 7251
801 7256
835 7261
828 7266
835 7271
866 7276
849 7281
836 7286
818 7291
826 7296
785 7301
746 7306
789 7311
819 7316
885 7321
734 7326
837 7331
828 7336
853 7341
866 7346
877 7351
805 7356
856 7361
816 7366
818 7371
817 7376
825 7381
815 7386
900 7391
808 7396
907 7401
739 7406
739 7411
822 7416
879 7421
825 7426
866 7431
859 7436
837 7441
858 7446
826 7451
848 7456
858 7461
835 7466
883 7471
847 7476
866 7481
896 7486
766 7491
817 7496
836 7501
897 7506
780 7511
827 7516
877 7521
917 7526
841 7531
839 7536
850 7541
860 7546
864 7551
841 7556
867 7561
848 7566
866 7571
856 7576
854 7581
882 7586
849 7591
885 7596
841 7601
910 7606
865 7611
916 7616
878 7621
888 7626
863 7631
883 7636
841 7641
859 7646
870 7651
898 7656
878 7661
891 7666
849 7671
880 7676
909 7681
787 7686
896 7691
867 7696
954 7701
795 7706
855 7711
941 7716
785 7721
883 7726
980 7731
782 7736
861 7741
881 7746
928 7751
886 7756
878 7761
863 7766
894 7771
899 7776
897 7781
897 7786
906 7791
885 7796
936 7801
889 7806
972 7811
882 7816
879 7821
945 7826
898 7831
930 7836
888 7841
937 7846
939 7851
871 7856
893 7861
910 7866
894 7871
893 7876
914 7881
891 7886
940 7891
842 7896
900 7901
929 7906
895 7911
902 7916
853 7921
800 7926
914 7931
924 7936
896 7941
896 7946
958 7951
890 7956
904 7961
918 7966
891 7971
929 7976
922 7981
908 7986
919 7991
906 7996
915 8001
947 8006
895 8011
914 8016
938 8021
904 8026
898 8031
972 8036
893 8041
905 8046
922 8051
907 8056
899 8061
953 8066
975 8071
856 8076
935 8081
958 8086
920 8091
964 8096
964 8101
881 8106
850 8111
924 8116
944 8121
836 8126
934 8131
918 8136
933 8141
921 8146
925 8151
930 8156
922 8161
918 8166
918 8171
926 8176
967 8181
843 8186
950 8191
1006 8196
833 8201
950 8206
933 8211
943 8216
950 8221
915 8226
922 8231
949 8236
927 8241
922 8246
959 8251
957 8256
891 8261
935 8266
1001 8271
848 8276
970 8281
1004 8286
829 8291
932 8296
922 8301
1001 8306
981 8311
936 8316
974 8321
966 8326
958 8331
958 8336
968 8341
955 8346
973 8351
966 8356
936 8361
948 8366
955 8371
972 8376
940 8381
943 8386
949 8391
975 8396
945 8401
955 8406
1019 8411
973 8416
935 8421
889 8426
964 8431
1022 8436
920 8441
958 8446
960 8451
982 8456
951 8461
974 8466
996 8471
959 8476
970 8481
980 8486
955 8491
977 8496
991 8501
1024 8506
851 8511
972 8516
960 8521
979 8526
972 8531
1009 8536
980 8541
980 8546
971 8551
966 8556
996 8561
1003 8566
902 8571
968 8576
1050 8581
870 8586
1021 8591
1003 8596
883 8601
995 8606
985 8611
1022 8616
988 8621
1054 8626
983 8631
979 8636
977 8641
1028 8646
970 8651
971 8656
981 8661
986 8666
1045 8671
1023 8676
977 8681
1026 8686
1029 8691
1003 8696
1075 8701
985 8706
1008 8711
942 8716
1046 8721
904 8726
950 8731
1043 8736
887 8741
986 8746
1029 8751
1002 8756
1062 8761
989 8766
987 8771
999 8776
1041 8781
937 8786
997 8791
1058 8796
939 8801
1020 8806
957 8811
967 8816
1013 8821
1051 8826
1034 8831
1001 8836
1082 8841
1048 8846
1038 8851
1034 8856
997 8861
1048 8866
1049 8871
1055 8876
959 8881
990 8886
1064 8891
1012 8896
1051 8901
996 8906
1052 8911
1016 8916
1005 8921
1046 8926
999 8931
1018 8936
1043 8941
1002 8946
1018 8951
1038 8956
1023 8961
1019 8966
1014 8971
1020 8976
1086 8981
1030 8986
1096 8991
977 8996
1041 9001
1022 9006
1064 9011
1044 9016
1050 9021
1105 9026
1028 9031
1075 9036
1031 9041
1030 9046
1083 9051
1039 9056
1016 9061
1070 9066
1025 9071
1070 9076
1034 9081
1040 9086
983 9091
1065 9096
1018 9101
1060 9106
1059 9111
948 9116
1048 9121
1159 9126
953 9131
1035 9136
1062 9141
1042 9146
1064 9151
1044 9156
1071 9161
1056 9166
1111 9171
1083 9176
1041 9181
977 9186
1039 9191
1088 9196
1033 9201
1094 9206
1049 9211
1051 9216
1059 9221
1074 9226
1077 9231
1053 9236
1084 9241
1179 9246
967 9251
1042 9256
1088 9261
1082 9266
1124 9271
1055 9276
1072 9281
1060 9286
1072 9291
1084 9296
1074 9301
1096 9306
1096 9311
954 9316
1070 9321
1151 9326
977 9331
1118 9336
1064 9341
1094 9346
1098 9351
1080 9356
1133 9361
1079 9366
1091 9371
1111 9376
959 9381
1043 9386
1110 9391
1061 9396
1084 9401
1165 9406
1014 9411
1133 9416
1091 9421
1147 9426
1068 9431
1091 9436
1078 9441
1095 9446
1107 9451
1154 9456
1127 9461
1093 9466
1168 9471
1067 9476
1120 9481
1157 9486
1113 9491
1119 9496
1144 9501
1070 9506
1095 9511
1102 9516
1128 9521
1016 9526
1149 9531
1089 9536
1136 9541
1166 9546
1113 9551
1092 9556
1150 9561
1109 9566
1104 9571
1133 9576
1092 9581
1161 9586
1060 9591
1143 9596
1054 9601
1116 9606
1106 9611
1126 9616
1176 9621
1105 9626
1096 9631
1121 9636
1140 9641
1181 9646
1117 9651
1112 9656
1170 9661
1043 9666
1179 9671
1131 9676
1197 9681
1129 9686
1136 9691
1113 9696
1133 9701
1156 9706
1148 9711
1039 9716
1219 9721
1000 9726
1137 9731
1090 9736
1034 9741
1131 9746
1162 9751
1123 9756
1153 9761
1146 9766
1108 9771
1111 9776
1168 9781
1194 9786
1010 9791
1138 9796
1118 9801
1145 9806
1173 9811
1172 9816
1118 9821
1160 9826
1135 9831
1222 9836
1115 9841
1200 9846
1019 9851
1105 9856
1193 9861
1015 9866
1142 9871
1133 9876
1154 9881
1179 9886
1215 9891
1126 9896
1135 9901
1139 9906
1187 9911
1067 9916
1128 9921
1194 9926
1188 9931
1161 9936
1157 9941
1150 9946
1177 9951
1170 9956
1147 9961
1170 9966
1178 9971
1052 9976
1130 9981
1165 9986
1111 9991
1165 9996
