1 1
1 6
0 11
1 16
1 21
1 26
2 31
1 36
2 41
2 46
2 51
2 56
2 61
2 66
2 71
3 76
3 81
3 86
3 91
4 96
3 101
3 106
4 111
4 116
4 121
4 126
5 131
5 136
5 141
5 146
5 151
5 156
5 161
6 166
6 171
6 176
6 181
7 186
7 191
7 196
7 201
7 206
7 211
9 216
10 221
11 226
10 231
11 236
11 241
8 246
8 251
9 256
10 261
9 266
9 271
10 276
9 281
10 286
10 291
11 296
11 301
11 306
12 311
11 316
12 321
12 326
12 331
12 336
13 341
13 346
12 351
13 356
13 361
13 366
14 371
14 376
14 381
14 386
15 391
14 396
14 401
14 406
15 411
16 416
16 421
15 426
14 431
38 436
16 441
16 446
17 451
17 456
16 461
16 466
16 471
17 476
17 481
18 486
17 491
19 496
18 501
21 506
21 511
22 516
22 521
22 526
23 531
23 536
17 541
18 546
18 551
19 556
19 561
19 566
20 571
20 576
20 581
20 586
19 591
20 596
21 601
20 606
20 611
22 616
22 621
22 626
22 631
23 636
22 641
23 646
42 651
26 656
26 661
26 666
27 671
27 676
27 681
27 686
27 691
28 696
28 701
28 706
29 711
30 716
31 721
31 726
32 731
33 736
33 741
33 746
36 751
32 756
28 761
28 766
28 771
28 776
29 781
28 786
28 791
28 796
29 801
49 806
33 811
33 816
33 821
33 826
34 831
33 836
34 841
34 846
35 851
39 856
39 861
40 866
40 871
42 876
36 881
37 886
35 891
37 896
37 901
37 906
36 911
37 916
38 921
42 926
38 931
37 936
38 941
38 946
39 951
38 956
39 961
41 966
40 971
40 976
40 981
40 986
54 991
51 996
42 1001
42 1006
42 1011
43 1016
43 1021
43 1026
70 1031
43 1036
43 1041
43 1046
43 1051
44 1056
43 1061
44 1066
45 1071
44 1076
44 1081
54 1086
46 1091
47 1096
47 1101
46 1106
45 1111
46 1116
47 1121
47 1126
47 1131
49 1136
48 1141
49 1146
50 1151
49 1156
49 1161
50 1166
50 1171
52 1176
50 1181
52 1186
57 1191
57 1196
62 1201
46 1206
47 1211
47 1216
52 1221
52 1226
54 1231
53 1236
55 1241
54 1246
55 1251
55 1256
55 1261
68 1266
63 1271
66 1276
51 1281
52 1286
51 1291
52 1296
58 1301
57 1306
58 1311
59 1316
60 1321
59 1326
59 1331
66 1336
67 1341
67 1346
59 1351
54 1356
54 1361
55 1366
55 1371
74 1376
61 1381
62 1386
62 1391
62 1396
62 1401
71 1406
71 1411
76 1416
58 1421
58 1426
57 1431
58 1436
58 1441
58 1446
63 1451
66 1456
66 1461
66 1466
66 1471
67 1476
67 1481
67 1486
89 1491
68 1496
68 1501
68 1506
87 1511
88 1516
70 1521
79 1526
82 1531
70 1536
69 1541
80 1546
70 1551
70 1556
72 1561
71 1566
71 1571
72 1576
72 1581
73 1586
73 1591
72 1596
72 1601
84 1606
88 1611
66 1616
67 1621
66 1626
68 1631
75 1636
76 1641
75 1646
77 1651
76 1656
85 1661
86 1666
93 1671
68 1676
79 1681
78 1686
79 1691
78 1696
97 1701
78 1706
82 1711
80 1716
79 1721
81 1726
89 1731
92 1736
77 1741
80 1746
81 1751
80 1756
91 1761
82 1766
82 1771
82 1776
82 1781
82 1786
84 1791
82 1796
83 1801
84 1806
93 1811
84 1816
83 1821
83 1826
95 1831
78 1836
75 1841
86 1846
85 1851
97 1856
95 1861
86 1866
97 1871
103 1876
87 1881
87 1886
88 1891
87 1896
88 1901
99 1906
106 1911
91 1916
88 1921
90 1926
90 1931
101 1936
104 1941
81 1946
82 1951
82 1956
82 1961
83 1966
92 1971
92 1976
103 1981
103 1986
83 1991
84 1996
102 2001
94 2006
95 2011
95 2016
95 2021
121 2026
95 2031
95 2036
95 2041
96 2046
96 2051
97 2056
97 2061
98 2066
98 2071
97 2076
110 2081
118 2086
88 2091
98 2096
99 2101
99 2106
99 2111
102 2116
101 2121
100 2126
111 2131
112 2136
101 2141
102 2146
112 2151
103 2156
102 2161
103 2166
103 2171
116 2176
92 2181
94 2186
92 2191
94 2196
105 2201
107 2206
106 2211
119 2216
125 2221
115 2226
105 2231
108 2236
133 2241
108 2246
107 2251
108 2256
108 2261
128 2266
110 2271
110 2276
128 2281
110 2286
126 2291
113 2296
125 2301
134 2306
101 2311
100 2316
103 2321
113 2326
113 2331
114 2336
140 2341
113 2346
129 2351
114 2356
126 2361
125 2366
115 2371
129 2376
126 2381
115 2386
118 2391
117 2396
117 2401
119 2406
117 2411
117 2416
128 2421
118 2426
118 2431
123 2436
138 2441
119 2446
121 2451
121 2456
122 2461
122 2466
122 2471
122 2476
123 2481
123 2486
138 2491
123 2496
133 2501
131 2506
129 2511
143 2516
125 2521
125 2526
125 2531
142 2536
113 2541
114 2546
115 2551
127 2556
127 2561
127 2566
145 2571
115 2576
116 2581
115 2586
117 2591
130 2596
128 2601
132 2606
130 2611
164 2616
132 2621
131 2626
130 2631
141 2636
131 2641
134 2646
133 2651
133 2656
132 2661
135 2666
135 2671
145 2676
136 2681
136 2686
136 2691
135 2696
137 2701
148 2706
146 2711
137 2716
138 2721
138 2726
157 2731
137 2736
136 2741
139 2746
159 2751
125 2756
124 2761
146 2766
140 2771
141 2776
158 2781
138 2786
127 2791
127 2796
147 2801
142 2806
143 2811
142 2816
173 2821
148 2826
143 2831
143 2836
145 2841
145 2846
164 2851
130 2856
145 2861
164 2866
147 2871
147 2876
160 2881
147 2886
147 2891
147 2896
191 2901
158 2906
148 2911
150 2916
150 2921
146 2926
154 2931
148 2936
150 2941
168 2946
136 2951
165 2956
168 2961
152 2966
153 2971
151 2976
153 2981
152 2986
170 2991
153 2996
154 3001
153 3006
153 3011
157 3016
155 3021
154 3026
155 3031
159 3036
164 3041
141 3046
167 3051
157 3056
158 3061
177 3066
151 3071
168 3076
169 3081
159 3086
159 3091
169 3096
160 3101
160 3106
178 3111
161 3116
161 3121
166 3126
175 3131
163 3136
175 3141
163 3146
162 3151
162 3156
182 3161
146 3166
163 3171
165 3176
189 3181
146 3186
164 3191
178 3196
164 3201
164 3206
165 3211
166 3216
165 3221
188 3226
167 3231
180 3236
156 3241
157 3246
179 3251
168 3256
175 3261
170 3266
170 3271
169 3276
194 3281
169 3286
171 3291
170 3296
171 3301
196 3306
171 3311
173 3316
193 3321
161 3326
185 3331
217 3336
174 3341
174 3346
186 3351
194 3356
175 3361
175 3366
176 3371
188 3376
179 3381
159 3386
185 3391
177 3396
177 3401
178 3406
177 3411
178 3416
178 3421
202 3426
162 3431
162 3436
178 3441
179 3446
186 3451
193 3456
162 3461
163 3466
189 3471
182 3476
181 3481
182 3486
204 3491
183 3496
208 3501
195 3506
186 3511
198 3516
213 3521
184 3526
185 3531
185 3536
186 3541
186 3546
188 3551
191 3556
180 3561
167 3566
169 3571
168 3576
168 3581
169 3586
169 3591
169 3596
203 3601
229 3606
189 3611
223 3616
170 3621
171 3626
191 3631
199 3636
190 3641
204 3646
236 3651
192 3656
193 3661
194 3666
191 3671
213 3676
194 3681
193 3686
224 3691
176 3696
202 3701
194 3706
219 3711
176 3716
177 3721
199 3726
196 3731
197 3736
219 3741
207 3746
197 3751
208 3756
211 3761
209 3766
196 3771
212 3776
213 3781
200 3786
198 3791
241 3796
199 3801
201 3806
223 3811
181 3816
202 3821
201 3826
216 3831
194 3836
182 3841
204 3846
203 3851
232 3856
182 3861
184 3866
204 3871
229 3876
183 3881
223 3886
220 3891
256 3896
206 3901
206 3906
207 3911
218 3916
220 3921
221 3926
220 3931
242 3936
221 3941
210 3946
235 3951
221 3956
210 3961
209 3966
244 3971
191 3976
211 3981
210 3986
237 3991
217 3996
225 4001
212 4006
247 4011
212 4016
220 4021
234 4026
215 4031
213 4036
214 4041
216 4046
217 4051
216 4056
228 4061
216 4066
217 4071
219 4076
215 4081
232 4086
235 4091
275 4096
228 4101
218 4106
197 4111
220 4116
223 4121
219 4126
220 4131
221 4136
248 4141
198 4146
199 4151
200 4156
222 4161
222 4166
250 4171
249 4176
263 4181
237 4186
225 4191
224 4196
225 4201
224 4206
245 4211
245 4216
226 4221
227 4226
227 4231
226 4236
247 4241
228 4246
227 4251
228 4256
228 4261
241 4266
228 4271
230 4276
240 4281
229 4286
229 4291
232 4296
231 4301
232 4306
232 4311
229 4316
246 4321
232 4326
233 4331
242 4336
258 4341
233 4346
234 4351
270 4356
211 4361
248 4366
237 4371
273 4376
215 4381
263 4386
237 4391
241 4396
257 4401
238 4406
239 4411
275 4416
248 4421
295 4426
239 4431
238 4436
238 4441
241 4446
268 4451
216 4456
227 4461
243 4466
241 4471
284 4476
218 4481
241 4486
247 4491
243 4496
242 4501
274 4506
244 4511
247 4516
246 4521
257 4526
246 4531
246 4536
248 4541
254 4546
221 4551
221 4556
249 4561
279 4566
224 4571
223 4576
249 4581
250 4586
283 4591
242 4596
251 4601
262 4606
301 4611
252 4616
250 4621
251 4626
251 4631
282 4636
272 4641
252 4646
277 4651
255 4656
256 4661
262 4666
231 4671
257 4676
318 4681
276 4686
257 4691
257 4696
270 4701
230 4706
268 4711
259 4716
259 4721
259 4726
259 4731
288 4736
233 4741
240 4746
261 4751
260 4756
283 4761
241 4766
263 4771
294 4776
283 4781
330 4786
264 4791
296 4796
279 4801
301 4806
265 4811
266 4816
286 4821
266 4826
246 4831
240 4836
265 4841
298 4846
240 4851
247 4856
269 4861
268 4866
267 4871
269 4876
311 4881
269 4886
278 4891
269 4896
270 4901
269 4906
300 4911
270 4916
317 4921
244 4926
273 4931
309 4936
245 4941
245 4946
272 4951
274 4956
282 4961
274 4966
274 4971
294 4976
276 4981
276 4986
276 4991
276 4996
276 5001
278 5006
320 5011
300 5016
278 5021
313 5026
250 5031
279 5036
313 5041
252 5046
289 5051
299 5056
302 5061
253 5066
283 5071
281 5076
282 5081
301 5086
281 5091
254 5096
254 5101
286 5106
283 5111
332 5116
300 5121
284 5126
330 5131
256 5136
286 5141
342 5146
297 5151
298 5156
298 5161
290 5166
315 5171
289 5176
311 5181
261 5186
290 5191
327 5196
262 5201
296 5206
291 5211
326 5216
266 5221
292 5226
328 5231
264 5236
293 5241
359 5246
300 5251
324 5256
336 5261
275 5266
270 5271
296 5276
332 5281
267 5286
294 5291
334 5296
265 5301
304 5306
332 5311
280 5316
347 5321
298 5326
334 5331
298 5336
300 5341
351 5346
277 5351
281 5356
280 5361
291 5366
270 5371
302 5376
341 5381
270 5386
303 5391
340 5396
272 5401
304 5406
306 5411
340 5416
350 5421
317 5426
305 5431
302 5436
308 5441
284 5446
276 5451
306 5456
277 5461
276 5466
311 5471
318 5476
309 5481
364 5486
309 5491
319 5496
310 5501
310 5506
312 5511
342 5516
311 5521
311 5526
311 5531
313 5536
282 5541
286 5546
321 5551
281 5556
282 5561
313 5566
376 5571
315 5576
316 5581
316 5586
362 5591
316 5596
317 5601
317 5606
323 5611
336 5616
286 5621
318 5626
355 5631
317 5636
330 5641
321 5646
321 5651
347 5656
320 5661
323 5666
342 5671
343 5676
321 5681
408 5686
334 5691
323 5696
347 5701
323 5706
344 5711
325 5716
385 5721
325 5726
325 5731
325 5736
325 5741
332 5746
328 5751
339 5756
328 5761
367 5766
294 5771
326 5776
368 5781
324 5786
352 5791
330 5796
329 5801
331 5806
346 5811
381 5816
329 5821
331 5826
334 5831
332 5836
365 5841
300 5846
333 5851
378 5856
300 5861
335 5866
336 5871
338 5876
335 5881
378 5886
336 5891
336 5896
334 5901
336 5906
350 5911
348 5916
380 5921
339 5926
381 5931
369 5936
342 5941
381 5946
349 5951
392 5956
305 5961
345 5966
348 5971
341 5976
393 5981
343 5986
353 5991
354 5996
341 6001
387 6006
345 6011
345 6016
379 6021
345 6026
389 6031
347 6036
356 6041
345 6046
346 6051
387 6056
312 6061
346 6066
383 6071
359 6076
384 6081
348 6086
370 6091
350 6096
314 6101
362 6106
411 6111
403 6116
371 6121
355 6126
352 6131
352 6136
391 6141
317 6146
352 6151
351 6156
389 6161
353 6166
367 6171
358 6176
374 6181
332 6186
354 6191
353 6196
374 6201
368 6206
416 6211
390 6216
357 6221
357 6226
358 6231
400 6236
322 6241
360 6246
365 6251
322 6256
360 6261
360 6266
360 6271
420 6276
370 6281
362 6286
363 6291
367 6296
367 6301
363 6306
363 6311
389 6316
326 6321
363 6326
388 6331
376 6336
371 6341
403 6346
388 6351
367 6356
367 6361
367 6366
368 6371
386 6376
373 6381
368 6386
397 6391
412 6396
368 6401
391 6406
380 6411
436 6416
372 6421
371 6426
370 6431
371 6436
371 6441
372 6446
389 6451
426 6456
373 6461
385 6466
373 6471
381 6476
384 6481
395 6486
376 6491
412 6496
403 6501
425 6506
376 6511
345 6516
362 6521
377 6526
418 6531
378 6536
435 6541
400 6546
378 6551
379 6556
389 6561
380 6566
380 6571
384 6576
381 6581
392 6586
427 6591
344 6596
380 6601
419 6606
412 6611
382 6616
383 6621
385 6626
386 6631
386 6636
420 6641
345 6646
402 6651
407 6656
387 6661
387 6666
410 6671
408 6676
396 6681
386 6686
391 6691
400 6696
383 6701
422 6706
375 6711
388 6716
356 6721
409 6726
393 6731
389 6736
391 6741
390 6746
412 6751
391 6756
392 6761
394 6766
393 6771
411 6776
417 6781
388 6786
394 6791
422 6796
379 6801
407 6806
395 6811
397 6816
356 6821
379 6826
398 6831
413 6836
504 6841
399 6846
398 6851
444 6856
413 6861
460 6866
399 6871
402 6876
400 6881
400 6886
401 6891
429 6896
403 6901
363 6906
358 6911
414 6916
404 6921
404 6926
405 6931
484 6936
406 6941
404 6946
410 6951
408 6956
490 6961
406 6966
385 6971
406 6976
419 6981
407 6986
409 6991
430 6996
409 7001
408 7006
408 7011
475 7016
410 7021
494 7026
431 7031
458 7036
368 7041
410 7046
469 7051
431 7056
412 7061
415 7066
414 7071
460 7076
423 7081
431 7086
486 7091
419 7096
415 7101
415 7106
415 7111
416 7116
417 7121
474 7126
426 7131
446 7136
418 7141
386 7146
419 7151
375 7156
417 7161
432 7166
428 7171
421 7176
443 7181
422 7186
429 7191
464 7196
477 7201
423 7206
424 7211
426 7216
424 7221
424 7226
443 7231
427 7236
424 7241
436 7246
389 7251
426 7256
433 7261
460 7266
473 7271
382 7276
461 7281
433 7286
437 7291
479 7296
429 7301
429 7306
433 7311
499 7316
430 7321
523 7326
441 7331
429 7336
431 7341
433 7346
429 7351
451 7356
464 7361
550 7366
447 7371
466 7376
434 7381
408 7386
435 7391
434 7396
452 7401
449 7406
435 7411
436 7416
439 7421
458 7426
465 7431
437 7436
503 7441
466 7446
439 7451
438 7456
437 7461
440 7466
439 7471
438 7476
441 7481
458 7486
495 7491
458 7496
449 7501
474 7506
453 7511
467 7516
440 7521
463 7526
443 7531
442 7536
467 7541
455 7546
473 7551
473 7556
445 7561
447 7566
447 7571
452 7576
448 7581
450 7586
446 7591
448 7596
467 7601
448 7606
472 7611
452 7616
405 7621
450 7626
446 7631
451 7636
478 7641
450 7646
457 7651
451 7656
451 7661
492 7666
460 7671
473 7676
452 7681
504 7686
479 7691
460 7696
498 7701
461 7706
489 7711
474 7716
456 7721
453 7726
458 7731
457 7736
455 7741
454 7746
440 7751
458 7756
420 7761
460 7766
502 7771
466 7776
460 7781
460 7786
461 7791
489 7796
517 7801
462 7806
460 7811
459 7816
497 7821
472 7826
462 7831
490 7836
466 7841
468 7846
539 7851
466 7856
488 7861
467 7866
467 7871
479 7876
466 7881
484 7886
474 7891
509 7896
468 7901
500 7906
496 7911
490 7916
485 7921
503 7926
469 7931
512 7936
470 7941
422 7946
472 7951
424 7956
474 7961
474 7966
519 7971
482 7976
483 7981
474 7986
481 7991
423 7996
475 8001
541 8006
475 8011
503 8016
532 8021
501 8026
489 8031
477 8036
529 8041
486 8046
479 8051
475 8056
498 8061
479 8066
499 8071
489 8076
549 8081
479 8086
499 8091
481 8096
484 8101
510 8106
544 8111
482 8116
483 8121
493 8126
501 8131
546 8136
484 8141
436 8146
491 8151
554 8156
485 8161
543 8166
488 8171
500 8176
514 8181
487 8186
518 8191
503 8196
499 8201
486 8206
499 8211
552 8216
490 8221
520 8226
544 8231
491 8236
503 8241
495 8246
513 8251
494 8256
495 8261
443 8266
492 8271
517 8276
493 8281
554 8286
513 8291
494 8296
550 8301
495 8306
515 8311
444 8316
561 8321
506 8326
496 8331
513 8336
497 8341
519 8346
512 8351
496 8356
538 8361
498 8366
522 8371
510 8376
511 8381
504 8386
510 8391
500 8396
510 8401
502 8406
489 8411
568 8416
526 8421
504 8426
526 8431
506 8436
564 8441
503 8446
560 8451
506 8456
534 8461
508 8466
537 8471
504 8476
505 8481
509 8486
508 8491
508 8496
508 8501
527 8506
520 8511
529 8516
509 8521
509 8526
519 8531
518 8536
509 8541
508 8546
512 8551
510 8556
542 8561
552 8566
514 8571
561 8576
525 8581
549 8586
548 8591
515 8596
521 8601
514 8606
553 8611
516 8616
518 8621
517 8626
515 8631
516 8636
528 8641
527 8646
523 8651
521 8656
580 8661
519 8666
540 8671
520 8676
540 8681
529 8686
552 8691
522 8696
522 8701
544 8706
521 8711
524 8716
522 8721
542 8726
543 8731
541 8736
535 8741
542 8746
535 8751
554 8756
527 8761
525 8766
523 8771
537 8776
526 8781
527 8786
533 8791
559 8796
539 8801
527 8806
547 8811
507 8816
557 8821
532 8826
531 8831
531 8836
545 8841
562 8846
550 8851
530 8856
553 8861
534 8866
596 8871
551 8876
582 8881
531 8886
535 8891
578 8896
545 8901
538 8906
546 8911
538 8916
537 8921
537 8926
544 8931
540 8936
596 8941
539 8946
557 8951
548 8956
539 8961
543 8966
542 8971
539 8976
540 8981
578 8986
540 8991
559 8996
561 9001
541 9006
540 9011
545 9016
545 9021
575 9026
554 9031
546 9036
571 9041
547 9046
545 9051
565 9056
574 9061
547 9066
546 9071
561 9076
557 9081
570 9086
492 9091
561 9096
560 9101
549 9106
569 9111
578 9116
563 9121
551 9126
569 9131
551 9136
571 9141
575 9146
554 9151
553 9156
555 9161
552 9166
562 9171
573 9176
552 9181
576 9186
555 9191
564 9196
592 9201
597 9206
567 9211
555 9216
591 9221
566 9226
569 9231
586 9236
572 9241
567 9246
530 9251
569 9256
567 9261
609 9266
505 9271
561 9276
616 9281
592 9286
573 9291
575 9296
569 9301
588 9306
564 9311
563 9316
564 9321
566 9326
567 9331
607 9336
597 9341
567 9346
588 9351
614 9356
577 9361
617 9366
568 9371
569 9376
650 9381
635 9386
571 9391
605 9396
509 9401
582 9406
614 9411
610 9416
584 9421
583 9426
574 9431
594 9436
604 9441
573 9446
514 9451
632 9456
622 9461
573 9466
605 9471
600 9476
578 9481
583 9486
574 9491
595 9496
590 9501
589 9506
618 9511
578 9516
598 9521
608 9526
582 9531
638 9536
628 9541
580 9546
650 9551
618 9556
598 9561
587 9566
525 9571
636 9576
600 9581
613 9586
601 9591
627 9596
587 9601
587 9606
581 9611
567 9616
622 9621
586 9626
627 9631
646 9636
615 9641
588 9646
603 9651
528 9656
588 9661
548 9666
650 9671
592 9676
650 9681
592 9686
633 9691
665 9696
590 9701
533 9706
591 9711
613 9716
605 9721
591 9726
645 9731
640 9736
532 9741
628 9746
585 9751
626 9756
617 9761
692 9766
594 9771
615 9776
545 9781
616 9786
535 9791
611 9796
576 9801
602 9806
629 9811
599 9816
602 9821
601 9826
538 9831
601 9836
584 9841
625 9846
680 9851
602 9856
603 9861
644 9866
659 9871
619 9876
544 9881
644 9886
619 9891
672 9896
686 9901
545 9906
653 9911
574 9916
691 9921
620 9926
608 9931
615 9936
625 9941
609 9946
611 9951
554 9956
609 9961
606 9966
633 9971
612 9976
619 9981
621 9986
623 9991
632 9996
